0.0007725126217492568
0.001295958725520821
0.0011746253204385157
0.000999341342364905
0.0008845954175231404
0.001334599856550262
0.0009985968614659435
0.0013303812724909066
0.00152380437803129
0.0011000836122421667
0.0008159693524682665
0.0009369604779436397
0.0007797491598860009
0.0007704517979860925
0.0009731971803166885
0.000994908818698977
0.0007985028928486524
0.0009305302631896137
0.0007349920181920076
0.0012066100629532037
0.0011079584882769972
0.001184221358312989
0.0010677751996749263
0.0008710037510477741
0.0008074613895687835
0.000943594980052974
0.0008055338378634464
0.0011129671582635827
0.0010428048218164765
0.001211778231288091
0.0012247302030510808
0.0007210793359495897
0.000917676208650709
0.0007712409207931803
0.0011238546616733252
0.0011837978586484938
0.0005994268377528988
0.0008643385122194315
0.0012613503243568695
0.0010030034881095245
0.000976651755515374
0.0007284024687918078
0.0011053909565786229
0.0006631356082952794
0.0013798109839901656
0.0011248302393953781
0.0010606511879178153
0.0009210698003564684
0.0010015715617974947
0.0009173388682041214
0.0008298091994535617
0.0007751983325763401
0.0009400710581755373
0.000950451266566519
0.0008776304840675845
0.0010006291999352984
0.0013382748454932448
0.0007661736818624957
0.0010181503180102791
0.0010265983304793259
0.0008069044904882613
0.00077206200754722
0.0011735294112315137
0.0010059899722826898
0.0005835949573486075
0.0008886182910902629
0.0009277973876228301
0.0013082887994210388
0.0008823795942885047
0.0009803441603306894
0.0010365495668038388
0.0010179119341047378
0.001094553951834651
0.0008062653247627417
0.0008064352983450037
0.001011936244193089
0.0010430120529897197
0.0010825055619004952
0.0009770849559409141
0.0009522318260169855
0.0008818218111150788
0.000574121851817813
0.0009108250769824097
0.0011501802048239501
0.0011223277688018184
0.0006165419410701176
0.0009074148981009272
0.0009737548129896531
0.0011519906521225887
0.0007144524684137878
0.0015006115925082736
0.0007105791945147696
0.0012086328787285694
0.0012232872082253176
0.0007361599402206549
0.0006974559107375898
0.0012447590629377533
0.0007305915844686753
0.0008204878262338671
0.0009144097404620072
0.0010933463333978389
0.0009204247966172578
0.0009367868439052918
0.0011152338343562286
0.0008332783130677243
0.0015473390472209617
0.0007352486491812775
0.0007001235123124071
0.0009096533663966073
0.0012340183654038518
0.0011759757888070166
0.0011496594307492105
0.0015525418156280984
0.0012417902073175269
0.0011836245647736006
0.0007284847605883329
0.0009513675900190844
0.0008788190209491631
0.0010606453706454844
0.0009139152380560982
0.0014953683926148104
0.0011371710137830996
0.0007777689030569587
0.001533704493024767
0.0008514643569410062
0.0010389755776975167
0.0007898588624740016
0.0006063983129571827
0.0008721206719136078
0.000780442109884285
0.0011673153052037565
0.0014890233819766598
0.0009865021368632256
0.0010899961529057035
0.0007507071694954394
0.0010333918951992813
0.0007678970993429534
0.0008931876714878611
0.002196262821530279
0.0015016057073675448
0.0011396028789684635
0.0009667576589134288
0.0008018365587324397
0.001058672863104732
0.0008867801421935289
0.0009332446203224429
0.0012763963105572337
0.000846916062610346
0.000680609456645015
0.0008925874353800927
0.000711809528290019
0.0011149607820712254
0.0014510753422160216
0.0008776835546188298
0.000906998539260611
0.0009163387306270637
0.000590678534091551
0.0010885436118603146
0.0010014758045834445
0.0013323584755762614
0.0009545550165091156
0.0008583985439616503
0.0007697997766568843
0.0009408362532400056
0.0012261269779132893
0.0009210007956745015
0.0008126045537304478
0.0005918698949422445
0.0009687423121404074
0.0008351135455135542
0.0009320941607585535
0.0006038363111609598
0.0015067894761217188
0.0010812189237664638
0.0007723677129353734
0.0007514443931956045
0.000841567874143532
0.0011679098047085062
0.001020222521291416
0.0015969783654497176
0.0012438983959960235
0.0006589998547158345
0.0007811966136950389
0.0007841834243401996
0.0012137399465979096
0.0010367660587350161
0.001103888044504292
0.0007374488666793656
0.0008133982004266823
0.0008486080483069527
0.0008006837939116946
0.001211570424784359
0.0011728419740136228
0.000947217448521537
0.0010009177209185437
0.0012644237732920155
0.0014361027899151397
0.0008325715904029341
0.0008855900842725994
0.000628487011261118
0.0006582446917528584
0.0009364869802368182
0.0016656776982220231
0.0009518396017542381
0.0009049582982441854
0.001013809399388361
0.0010604233932518044
0.0008410059323081178
0.0008642929034520285
0.0011432308820639293
0.0007995541743825339
0.0009879155058968771
0.0008854959256483297
0.0009407021020973224
0.0006872650057525281
0.001295839523725598
0.0008924047440605305
0.0007858997089658388
0.0007340319147488869
0.0008669492595368977
0.001473680022282727
0.0009757226603899095
0.0011595859243126558
0.0016068690312458407
0.001055748402175727
0.0009400273687094635
0.0012681054303447647
0.0007336786946335098
0.0007030524437571213
0.0009247500906464253
0.001295067361598371
0.0013602461086849747
0.0010762612144573683
0.0008965455036169295
0.0008762691971681454
0.0010771619948080982
0.0010630321648882066
0.0009429147381591317
0.00142584952290574
0.0012846770228378932
0.0009405648491786253
0.0008078639358171204
0.0007930078188583549
0.0007511481706011891
0.0009235728521845023
0.0013337598755888487
0.0006555236067751324
0.0008264849300373973
0.0010309535434729498
0.0007226433425520883
0.0010508497160274899
0.0011530206846937423
0.0010553137940582282
0.0009346836576649478
0.0012324758829551576
0.0008144926042008881
0.0015642968117305274
0.0009924713681932426
0.0010397180405157542
0.0010479265161567374
0.0014927327639258847
0.0008292758001625842
0.0007500767965053317
0.000739592772279912
0.0011306424412286617
0.0010156460585117528
0.0009650373606912169
0.0007844167072463108
0.000887024304819018
0.0010284183316470732
0.0008531407674956788
0.0012479834758133046
0.0009062003212464331
0.0015462848838297188
0.0008724145212573443
0.0008416233759550437
0.001447362933660606
0.0009069238584659034
0.0007513447943524689
0.0008024348759602762
0.0008454371788316714
0.0008727260309023359
0.0008832682172868601
0.0007421418864357566
0.0009480665092582909
0.000977970164999008
0.0010510967147421572
0.000746448744243189
0.0005858570310063327
0.0011887631166630794
0.0009402537843825822
0.001095501654655972
0.0008290739159792814
0.0005764949719206982
0.0005609568134617581
0.0008191099762767703
0.0009497212878832053
0.0009498609148731539
0.001208882570242933
0.0009031710658444199
0.0010414911737798764
0.000870072540441332
0.0008097162861382741
0.000761801542963811
0.0007923184142226555
0.0011690710096401765
0.0008290040467707964
0.001056537960837321
0.0006898666931186952
0.0010173052585430574
0.0010800814646374519
0.000994503076534896
0.0007548055635940821
0.0006492353244795465
0.0009373082346241235
0.0009611470446894649
0.0008801886928032133
0.0018063650198521853
0.0006255999256631838
0.0013211581795840861
0.0009293348991305499
0.0006803315849716626
0.0012721311676866971
0.0006574147433782726
0.0011282872933931732
0.0007722485571200032
0.0008775858537203754
0.001970852590852247
0.0008551019963508569
0.0016147624423306613
0.0014359874412625073
0.001133066337085655
0.0014585541172652374
0.0009737246469011102
0.0008867952537589987
0.0010843521933005184
0.001005830624329062
0.0007346683744649382
0.001122273046912834
0.0006986178613268674
0.0006900879645547471
0.0006873824878741045
0.0018960433697999784
0.0012712883710648247
0.0009419779346471183
0.0011566947553237178
0.0007144644878729466
0.0011216361993898805
0.0007939617396141691
0.0012059746280139866
0.000831992922957048
0.0010464205848295933
0.0009772585710291902
0.0008885797321234316
0.0013408891058207452
0.0005564906467180743
0.0011738499338599447
0.0010955223975605561
0.0006576089313815375
0.0012620924620336184
0.0006149829488565136
0.0015608405650797282
0.0009091811499279256
0.0009572684616168427
0.0008171114249237448
0.0008995633803269487
0.0012335823947999783
0.001140296333965789
0.0007612406864608426
0.0009025303312549214
0.0008534659625827404
0.0012599995353126969
0.0009532146779012453
0.0007282025373186024
0.0012582810937969919
0.0008556736765845394
0.0008402793832553725
0.0010631388992373364
0.000983122398545688
0.0006913354014998886
0.0008963384463757495
0.001022329103577505
0.0007444783832391587
0.0009389654373330165
0.0008508225738087546
0.001309785665515511
0.0006315577646681097
0.0008378413238699324
0.0007916290980894626
0.0010436418253590878
0.0014684006012993694
0.0006789734362925384
0.0011829010634519853
0.0007891027752405947
0.0012905324244256479
0.00046067795982187947
0.0007238495717328773
0.0012945821237679827
0.0008917766701534728
0.000619366591449067
0.0007507222097676289
0.0008784575448313346
0.0012640414041984582
0.001180376373452079
0.001063902564390732
0.0011306452954284486
0.0008579528574450006
0.0011480034475320649
0.0013481729574886668
0.0019441597491710821
0.000692933023576412
0.0007881323225607151
0.0008511265270222718
0.0009153057348796744
0.0008313013647739515
0.0007290693609540656
0.0006502549374650427
0.0010281913773250834
0.0013665363677259385
0.0008584478696579425
0.0010649800410335595
0.0011317511798569467
0.0008327748082500432
0.001521583930314626
0.0011665885661389824
0.0010351126295531233
0.001044599033811451
0.0009827310627243651
0.0009017979518918585
0.0011526779376164501
0.0008018984656369516
0.0012563316233225883
0.0010962902216266352
0.0012385655287658842
0.0007922135692280511
0.0006241961338004289
0.0014210850615319346
0.0012634074920407942
0.0011451682063668778
0.000772070652914253
0.001128821474076359
0.001550959782139604
0.0010018534883168252
0.0009308495732133085
0.0010882067833027766
0.0010827337715856302
0.0007133172918062434
0.000878595478437944
0.0006025434700734373
0.0013232319636087859
0.0007766122492837378
0.0010443429632983731
0.0007406809278593491
0.0007850838955844846
0.0007410423325045785
0.0007663716286496415
0.0009466668125650505
0.0011177073607459515
0.0017915219535760193
0.0012922014690846075
0.0010236841536679859
0.0007803997683253406
0.0011901120076105978
0.0007793985067258318
0.0010315651560909459
0.0010835036374417949
0.0008767946103425221
0.0009753991574624121
0.0007626546452067643
0.0009037912611680901
0.001300955522551185
0.0008953173049150024
0.0009518113773045378
0.0008815527032334483
0.0010057885111395505
0.0007832942095713921
0.0010307426011774143
0.0015469046701606602
0.0010570473125236068
0.0009376983964145703
0.0007109211886833044
0.0011209325236727428
0.0008285536630114852
0.0007415610313603552
0.0011093224964218457
0.0008287628196999707
0.0007510706050766188
0.0011836575704301463
0.0008457461244167192
0.0015286732023085444
0.0008210978140318157
0.0009615390883560629
0.001486381032903763
0.0012616639527135095
0.0011488629255562172
0.001031426809282909
0.000845402568211389
0.0012958474890909218
0.0008686593174505885
0.0010540947100210825
0.0006298030728900916
0.000642364656753627
0.0008661280369004071
0.0008340610660514606
0.0009996534002420648
0.0012696497680373755
0.0009147415288579285
0.0009171544684512904
0.0012332097643745997
0.0009201709062672924
0.0008887596265971793
0.001018609203576198
0.0015317581365634173
0.0008200017047211346
0.0006187009945154481
0.0008598091744314023
0.001143182204551479
0.0013610355632137784
0.0010898419369893967
0.0011217293828534732
0.0011694556018883348
0.0014360182409576762
0.0008499493524769613
0.0009661332007556431
0.0011306890302633576
0.0010164212211483817
0.0010613578180748067
0.0008993514539542653
0.0010888966834289768
0.0007000220572421813
0.0009926339011464553
0.0011500441698340537
0.0009307234464304517
0.0011992413904588462
0.0008724000624971947
0.000707925408690843
0.000682739180261293
0.0010554023496660357
0.0009509585093124648
0.0008629891789407975
0.001256930895986911
0.0010384656609325562
0.0012458206211229186
0.0017814740728154938
0.0008252918787013427
0.0011966675314044025
0.0009317859663431371
0.0006931420149595276
0.0007044054165787244
0.0008074819251775596
0.001140166350105147
0.0011094428580698415
0.0009545693762414884
0.0008334593539982352
0.0008613699169973702
0.0010739856897834434
0.0013347519885875073
0.0005473085849566542
0.0010632067397097168
0.0010273393972813983
0.000936432193981724
0.0011980127087971772
0.0009283984282432258
0.0008033486074473914
0.0008646734868507982
0.0013085873351223408
0.0008550384425250576
0.000956832823041764
0.0018162354533657159
0.0008411818252052981
0.0011228610890800358
0.0008131550487907777
0.0010151001438244867
0.0009059259780943266
0.0007606149203987268
0.0010547627798468278
0.001624916775876453
0.001831168432067256
0.0008174230960007907
0.0008478581301564507
0.0007331191423072499
0.000730683664555369
0.0008516193181716029
0.0008621292384908504
0.000681568079675259
0.0009974320140540985
0.0011014795345682797
0.0009716699553249063
0.0009231362390359707
0.0009524354077724716
0.0008168875564825335
0.0008488742155870006
0.000995146723954123
0.0006858157352754154
0.00103819805298266
0.0009270658948499749
0.0016544623975959054
0.0009022650848936906
0.0007157833513347094
0.0008717802382356725
0.0008210924343111656
0.0007414378521728925
0.001165733527672318
0.000926760563803737
0.0006335481125266008
0.0009609990770454216
0.0011057520981332682
0.0007404968102433906
0.0013759967384862361
0.0008123989208687879
0.0007014196796821322
0.0007053650879338966
0.0006784839440900435
0.001428283870925233
0.0006922616326787028
0.0006754913229248209
0.0009477309551666532
0.00140607910504791
0.0011613922989827526
0.0010721854466488405
0.0011302452037688577
0.0011141099806782908
0.0010022049826803095
0.0006832409541376522
0.0008461978741734989
0.0012112126798735777
0.0010762307918325484
0.0012979183092289228
0.001084594762174446
0.0008779506040131962
0.001050454396794312
0.0008543493771570954
0.000952423397649604
0.0009339452994065053
0.0014963443936854958
0.0008718084913076215
0.0007343745043477475
0.0007284760104169729
0.0014419074419531692
0.0008802830486304336
0.0009022731165172931
0.001095142812711858
0.0010415570647358016
0.0008173939888187706
0.001171877476655258
0.0009121730248722838
0.000767024483908802
0.001031031903929047
0.0005490007114366108
0.0013564333923260013
0.0008924935639657791
0.0009857576637172058
0.0021077013031980895
0.001084703511315322
0.0012240514649785002
0.0010266487818195822
0.0009323291380193904
0.000666956873779727
0.0010420344969148353
0.001115118565292648
0.0010587672671913074
0.0008760110592429546
0.001155431370028173
0.0007767909570542382
0.0011716902198231414
0.0009521580890634697
0.0008185204929991878
0.0008675461559891975
0.0018171331953429843
0.001237680276308288
0.0011907219231347863
0.0010790438348751603
0.0011905370527658453
0.0007918669066046759
0.0013337270560191492
0.0010326565729115982
0.0007931316655718015
0.0013464195986237744
0.0009431902194327432
0.0006856769483225373
0.0011302308110754129
0.0012449866795160589
0.0009597281824851754
0.0008287562654477887
0.0012942526726427237
0.0008147363576553341
0.0006952905819487167
0.0010970098510810888
0.0007731027117371919
0.0011856930862313784
0.0007766958343464318
0.0010384680416752462
0.000695801154701208
0.0012467925906367574
0.0008284893092854076
0.0005785676258666813
0.0013380132490473182
0.0008052375388367076
0.0008651868652602376
0.0012130845607861052
0.0013114931237779744
0.0009302709140799215
0.0008482273059031355
0.0008633068292726238
0.001381921301002993
0.0010636794373513514
0.0008896786000314023
0.000803832095783162
0.0011202907830432758
0.0014185323167848346
0.00143785677689131
0.0009003801145705357
0.0009082321739977747
0.0012488707345040327
0.0008283142683388779
0.0009742200380325914
0.0008378499445629397
0.0010953118326254368
0.0014783715730083099
0.0007886285233860014
0.0011006419519439322
0.0008354534674416489
0.0008420659750140093
0.001102354762409045
0.0009660268069068599
0.0009414949998151677
0.0007875617019111206
0.0014298979237617894
0.0006352154344279497
0.000908718866589843
0.001277968131892814
0.0013529597932857617
0.0008772313483283228
0.000686204006002746
0.0010739553849161742
0.0009358409969681487
0.0008235582093011665
0.0011214587170622836
0.0014220495788903609
0.0008199349093463339
0.0007948479631138461
0.0009890590117168166
0.001220367916971453
0.001304288990089081
0.001059212435424472
0.00107956687382569
0.0009396998814037167
0.0010113622760652976
0.0008889404143186167
0.0008741071952104056
0.0007175982988630993
0.000968604729025477
0.001198863899236715
0.0011377163393679927
0.001134267263421086
0.0010811276439391805
0.001343609566004268
0.0009900008801756641
0.0010487811361926988
0.0010701637459676378
0.0011489490254793515
0.0008489908419559563
0.0007721747187115484
0.00056042242462139
0.0007034229630472574
0.0013114399888922103
0.0007519366134090099
0.0010070557148408915
0.0008160069040309454
0.0008767964034973295
0.0009751748278618278
0.0011132876511333145
0.0017955472395484336
0.001136575536316334
0.0007657550563176171
0.0012072800523174798
0.0009339493763199805
0.0007091611594937928
0.001091278985496934
0.0010308160815304676
0.0012510397113187088
0.0008218375691732814
0.0016002844602127449
0.0009642347160950511
0.002103182609664101
0.0006366379512215332
0.0009011084695037363
0.0008101047339269518
0.0021274224534666487
0.0020251567199373586
0.001228728910147523
0.0009727404915401787
0.0008667727063864418
0.0013136366666528757
0.0008395883017473841
0.0009015283612853898
0.00117043146582177
0.0008330373265186544
0.0009693484895575476
0.0007274421992232224
0.0008181171947328047
0.001195549270606641
0.0010723550310408495
0.000989388328341159
0.0011440313771423258
0.0006796773274540876
0.0010494043892829846
0.0006456911043613808
0.0009125173739309065
0.001328085353475582
0.0007620514912915766
0.001079388377859165
0.0010588248758599311
0.0007798431602239982
0.0009322842846031722
0.0010622258119035342
0.0010109288047882336
0.0010535815337617634
0.001166692225401056
0.0011070232237277771
0.0012139633551742557
0.0007812592862825535
0.0009749521516593609
0.0007489352094639397
0.0009893156107844499
0.0010317002569723943
0.0008330445436989045
0.001006979591591393
0.0010084071840608124
0.0009909638523771303
0.0007504078684481526
0.0011030539561893186
0.0009105702502789784
0.000759072270884339
0.0015239307046453377
0.0010144448767804063
0.000648855637946184
0.000751333664133047
0.001049147609535271
0.0012459497879955205
0.0010712618038545472
0.0008995457952611621
0.0009234151780328193
0.000871612678660893
0.0010067294977065152
0.0010392168879868428
0.001098608879260726
0.0006678852133955178
0.0011592456293647508
0.0005904936279799362
0.0009059313546317001
0.0008763234121749773
0.0011259220951657144
0.0010435478659223643
0.0012789257936337728
0.0008475280678362164
0.000956440437206547
0.001040733360730863
0.0007234682928583414
0.0009667871353172802
0.0012079157513044724
0.0011379084688977715
0.0012967718592142585
0.000611603337937526
0.0007160918245302645
0.0008487677888297843
0.0009400699618748903
0.0008770386295807715
0.0006874529831712858
0.0007382767170423373
0.0010431792317644843
0.0007858115022758244
0.001021754492943623
0.000857688594954414
0.000797377600060011
0.0011334527854482415
0.001091991854074906
0.0006567369398733796
0.000976610481181865
0.0008201990932554717
0.0009942377211866222
0.0005791165833104034
0.0008041571091610389
0.0009729121682739265
0.001140792416448009
0.0008849088205358673
0.0008999704675815984
0.001036195888597888
0.0012149269674852907
0.0009610624764959891
0.0006920824398405742
0.0011162980642062364
0.0009498531762267624
0.0009915183964152544
0.001125304912015775
0.0006800070442145164
0.0012384429278965935
0.0014654349919877264
0.0009427585052525997
0.0008040210418156326
0.0006699125157785426
0.0019197192186023112
0.0007063035392923555
0.0005916281638612727
0.0008167003318671538
0.0009341614987291654
0.0005365076291885661
0.0007286935489242213
0.0009462783020494049
0.000827440091971288
0.0010028353542867086
0.0008033694408728681
0.0009756470821876799
0.0006927221103959194
0.000899075237969546
0.000899617668704372
0.0011459599050070526
0.001041492339414112
0.001308728171915406
0.001035191137879889
0.0009554167643148269
0.0015449384418401283
0.0005069719682290452
0.0011950132483467106
0.0014329303547664062
0.0008545182356504053
0.0008588643658977058
0.0013873547982217196
0.0015963584790819809
0.001015454278775215
0.0009740789220859393
0.0010757814504660024
0.0022923194807944725
0.001133499815075732
0.0010046493499523454
0.000938513067551227
0.0012424114831823812
0.0011233703512213587
0.000857489723832043
0.0011926672372999131
0.0009666477074312201
0.0008833501005275292
0.0018259202111901706
0.0014451198414562757
0.0006388572117385014
0.0009135569120129869
0.0008955189619685637
0.0009645723244988342
0.00136771741778161
0.0008198481229029198
0.0009136169741246793
0.0009933979636323387
0.001065946568043856
0.0010485879864436734
0.0008158551284116384
0.0011089843335748842
0.0015820867834281805
0.0008374695548392589
0.0009661112367020989
0.0007585067461657361
0.00096488908397609
0.0008097239014099656
0.001076353375927301
0.0011779927276312208
0.0011830652939234835
0.0008154668570000034
0.0011858516119265037
0.0007418671399804686
0.0006080120329681788
0.0008197573660621512
0.0009518825520636782
0.0011851900636837473
0.0008137985983800351
0.0011584013922352858
0.0009980174213795978
0.0010724332577687144
0.0008017131874874528
0.0013683350766351564
0.0009046464973480265
0.0012722525502200392
0.0010053106278353808
0.0007602147727240227
0.00044698448072283766
0.0007614845915017371
0.0014069996189732886
0.000877302444377418
0.0008552848015699723
0.0008771063820856395
0.0013850653004060423
0.0011659264662135932
0.0010589413206477287
0.0011168320930312326
0.001453867720046446
0.0011926688947378986
0.0009667750242289413
0.0008778468957805082
0.001211448001210095
0.0007415670378275272
0.0012610617351091564
0.0011297376495843286
