5.000000000000000000e+00
1.339919419658877953e+00
1.181351792365346320e-01
1.466240674995696214e+00
-6.890469842432553893e-01
2.969981681809458207e-01
1.223990171523076542e+00
5.633651280492389946e-01
4.758486221109436975e-02
-1.112792387456695842e+00
1.925410151282543669e+00
2.786630067724851223e+00
8.038584619094019112e-01
3.145248699376910650e+00
7.486064977651286645e-01
-2.389385018607473654e+00
7.328980907747216778e-01
3.822479821904283259e-01
-5.463315043198624377e-01
1.134615905731430896e-01
-8.506043072106348468e-01
-1.890144059583330760e-01
-2.094194921562700373e-01
1.614176659401214575e+00
3.256500783059708581e+00
-8.683668117010659993e-01
-7.742808819952761157e-01
2.202802747648056059e-01
-2.876454531350154387e+00
-4.922775804586385640e-01
6.416854273835591593e-01
-2.083066151026797375e+00
-1.553065255986136428e+00
-1.074035886585596566e+00
3.343492692473261085e-01
9.667304615318786931e-01
1.130338281974206938e-01
1.207827550155813334e+00
-2.037698712085887820e+00
-3.528264272801546753e+00
2.611633615233777128e-01
-1.606549082869893397e+00
-2.255289983410009746e+00
-1.613675921187538442e-01
-2.383125438974372123e+00
-1.814211084577096234e+00
3.054133998954892126e-01
1.004527505461784820e+00
1.011144418215231156e+00
-1.696904989080679105e+00
-1.260073510670095542e+00
-1.269617347190763024e+00
-3.441175784327904275e+00
1.066943090053077969e-01
-3.152401268138049772e-02
-3.368844439574709249e+00
-7.566338236975048703e-01
-2.574195203813465227e-01
-3.240915247437337054e-01
1.668821360145134047e+00
9.106141891446369874e-01
1.906801281390663183e-02
-2.122022877647126826e+00
-1.971630779747011397e+00
7.649282904742806810e-01
-1.496148795757266781e+00
-8.567380333346438226e-01
1.049823083929726675e+00
-2.226754994136953769e+00
-1.479912400489327151e-01
2.888749767992235817e+00
1.358020314045175203e+00
1.397378392296771299e+00
2.302692613436860269e-01
-6.023389392594185043e-01
-6.470567890797591648e-01
-9.480416248673729784e-01
1.895422068131375148e+00
3.911080018697113414e-01
-1.814221602039611358e+00
1.798484280569609517e+00
1.071252456624903093e+00
9.399792106682900439e-01
4.154833509372122258e+00
1.740397711316552520e+00
-1.991749144384930559e-01
-1.122333675278955889e-01
-9.243330579460851126e-02
1.152609043155492063e+00
4.979072538922171831e-02
9.674324938236739113e-01
1.413257666602161233e+00
-1.368191349569126469e+00
2.161038384812978830e+00
4.072710281357368345e+00
9.828131538162913072e-01
2.175711152986217201e+00
9.865108293105593340e-01
-1.423055967730662452e+00
4.921680748301382469e-02
6.180339887498895735e-01
1.278447513122600521e+00
-8.813390483215843840e-02
-8.314073568667303960e-01
1.883072955532053783e+00
5.061908970223710780e-01
1.396674049992824296e+00
4.129553751676084516e+00
-2.463114606533763906e-01
-1.399020971300702465e+00
2.245139418948339793e-01
-1.302204730980182301e+00
-2.145694541237953556e-01
2.288278364162376066e-01
-2.926754625385181163e-01
-6.075128151644493268e-01
-1.468051155231860028e+00
1.899047233406708557e+00
2.095197439214932178e+00
-7.182232177152488850e-01
1.153793643066981067e+00
-1.248163561874540806e+00
-3.652569301530601997e+00
-1.640793117728408523e-01
-4.865404736912513073e-01
-1.414213562373072719e+00
-1.023937386830486851e+00
-1.506178293536286183e+00
-2.280292056135390100e-01
-4.593630371407605995e-01
9.840951930651082868e-01
1.858033004407943167e+00
-2.779082969379498280e+00
-2.245045713734550752e+00
-7.039471666331781341e-01
-3.245441008315367970e+00
-7.923634362187400582e-01
8.917453773481451296e-03
-2.393829627274601357e+00
-1.516010408660999342e+00
-6.953929617327209156e-01
9.634635605564120242e-01
7.927515525691405385e-01
-7.860157457957515081e-01
2.410210392991921635e-01
-2.768151454468516182e+00
-3.451455566034761446e+00
7.575710147794162408e-01
-1.183272108536876477e+00
-1.830530074626190107e+00
2.212317420824385650e-01
-1.408181497172980468e+00
-3.437019492157641354e-01
1.369819885377362434e+00
1.621360137924332978e+00
9.339411868221551005e-01
-2.106118614782879206e+00
-9.478351584960882370e-01
-3.894230813490686671e-01
-2.257000911511927832e+00
1.294010276240999069e+00
8.557106082668413105e-01
-2.171337499438338092e+00
8.131381127610716186e-01
1.510676259494226903e+00
1.377215997945191228e+00
2.370995189048667573e+00
9.746986561489265899e-01
2.173128136913254349e-01
-1.664325438671225843e+00
-7.863956498728714717e-01
2.210282067399679473e+00
-4.105095389010804952e-01
1.814992507250687837e-01
2.150443037184126105e+00
-6.979402348481597018e-01
1.587972364705272144e+00
3.965809113695681454e+00
1.795730306840447099e+00
1.144633519697670687e+00
-1.932089731043777903e-01
-2.107750325585034945e-01
1.078003276703619617e-01
-1.877653553614636595e-01
2.572617805312638950e+00
6.963506456298653724e-01
-1.263078059020863897e+00
2.708265098119035486e+00
1.896730864186029208e+00
1.340155875134352526e+00
3.500527459143189191e+00
5.774723229803196967e-01
-1.091551246877211501e+00
-7.054122723185822785e-01
-4.718848505790662617e-02
1.248283347362317608e+00
-3.942254444524121992e-01
5.827086996155426135e-01
1.191377594409749330e+00
-1.339073830988084968e+00
2.236067977499818671e+00
3.356705800297201669e+00
-4.525988349710915459e-01
2.800692717859253333e-01
-7.721234302336119626e-01
-2.296069117060429488e+00
-5.755830040520525381e-01
-8.940617268327233358e-02
5.325477998366651144e-01
-1.135161350468398167e+00
-1.498259302784283431e+00
1.650381920154893933e+00
-2.885021610365262612e-02
3.275728718893620162e-01
2.234477938555572862e+00
-2.389258913012824781e+00
-3.000560163512060452e+00
-8.762576428474335710e-01
-1.802939360256213153e+00
-7.557298509413841181e-01
-7.595443828537856712e-01
-9.599843017493229214e-01
-9.791378374066282975e-01
-1.641099839915348912e+00
1.763204811365173708e+00
1.138457568438756784e+00
-2.285293967692971773e+00
-4.309147798565549081e-01
-2.374646994931015165e+00
-3.863210138831233209e+00
-1.313487262163718361e-01
-5.369907641914978269e-01
-1.436114536538132924e+00
-1.170365046695511335e+00
-1.099532863805938288e+00
5.852080016519216610e-01
-1.558980102325952799e-01
7.803570819875581543e-01
1.085176705403374520e+00
-3.585142736447070710e+00
-2.250636430953260714e+00
-1.117338234714870815e-01
-2.254863015453146602e+00
7.132437820363812797e-02
5.464917302239590269e-01
-1.427785859787138234e+00
-2.657717807761493800e-01
6.322963500790363955e-01
2.179649614459624019e+00
1.062914473127505088e+00
-1.000000000000017542e+00
3.423854664701918571e-01
-2.154517534692843572e+00
-2.072914399854937084e+00
2.265140159342724058e+00
5.869164792970815725e-02
-6.218720955637551118e-01
1.403701856512620028e+00
2.573891022411314289e-01
1.443757558340017511e+00
2.376217470011844135e+00
2.076639974974882286e+00
9.091410951179045297e-01
-2.074469005126595267e+00
-1.980438286875078890e-02
9.558184838996408583e-01
-8.903691701566450734e-01
2.425747769276896726e+00
1.661827306285015515e+00
-1.035586100081721028e+00
2.115578128845344796e+00
2.647349543442028885e+00
2.099066413561812450e+00
2.034048749598200700e+00
3.079904782171045685e-01
3.711293614622490633e-02
-1.437930480975484926e+00
8.421338481065521187e-03
2.948266506465057279e+00
-1.745535965042124271e-01
3.847817536824821305e-01
2.416921649332945954e+00
-1.567707445121870879e-01
1.969046336315894097e+00
3.424574383356164820e+00
7.006030620088466998e-01
-2.854241929823857493e-01
-1.377922131811949225e+00
-4.441477779438691709e-01
6.467139223246742841e-02
-4.389070194730423369e-01
2.142407753739980159e+00
-1.086478725672068713e-02
-1.650961336655885514e+00
2.499638347224109491e+00
1.332561768857073670e+00
2.020849052936814494e-01
1.484513181084039513e+00
-1.457130254522180923e+00
-2.437546079054201620e+00
-1.618033988749971286e+00
-4.486090173144394733e-01
7.028190155797644501e-01
-1.456940232917367295e+00
-2.714136445936385922e-01
5.613707575697710617e-01
-1.830279230249846290e+00
1.534163434305213958e+00
1.804375004303715446e+00
-2.407954668222137773e+00
-1.640974487366666068e+00
-2.122903208808753384e+00
-2.656289055229565488e+00
-8.581106844502011111e-01
-5.773856357109251602e-01
3.989845973954947445e-02
-1.766804933885374407e+00
-1.680892529551767822e+00
1.712411613699673207e+00
-4.785108137905471626e-01
-6.583496100257807404e-01
7.413475520880447034e-01
-3.594540809973132856e+00
-3.323921894081291573e+00
-6.912059325253041564e-01
-1.204172797742134593e+00
-3.741701395569831945e-01
-7.755824138792126732e-01
-5.308983254295329690e-01
-2.932384893649607749e-01
-9.662177102148803431e-01
2.210229309705867173e+00
7.681418694051760365e-01
-2.905461933815521647e+00
-6.431483546630306636e-01
-1.874595772274930461e+00
-2.539555327057173351e+00
1.130125353068308414e+00
4.693485358489170034e-01
-4.071690863680419437e-01
-2.223566862831126700e-01
3.024646643756038200e-01
2.064479161433426135e+00
5.484151974671533925e-01
9.923673818064416841e-01
1.030633314635301723e+00
-3.268425333181135706e+00
-1.019773767426922051e+00
1.498847356060277081e+00
-5.651903912427772569e-01
1.396802246667412373e+00
1.530078896384619025e+00
-1.253785757799097400e-02
1.223351836613809418e+00
1.863474768738947240e+00
3.018817921597183762e+00
9.946981868815909511e-01
-1.201206875244298145e+00
7.641730505649177996e-01
-1.164186990258816667e+00
-5.794550177647115330e-01
3.508277626947321703e+00
8.689446052517664221e-01
1.417361572823193916e-01
2.105534947724688077e+00
1.249387551458806644e+00
2.195829457481493385e+00
2.144557077374951159e+00
1.428417353137444223e+00
1.405459408732167015e-01
-2.442032447907935389e+00
5.096232280273985671e-01
1.615335817239243577e+00
-4.936637948713550328e-01
2.447008741249006913e+00
1.414213562373014321e+00
-9.365308807272297864e-01
2.163921400180437882e+00
2.265262689904937510e+00
1.197903370987968064e+00
3.041436117758066215e-01
-1.280355727565923196e+00
-7.445318229728135062e-01
-1.798558597047150487e+00
-2.383113561638539046e-02
2.603566272020995775e+00
-1.020496048967479918e+00
-3.794814474720410447e-01
1.739454476146644613e+00
-6.900624873061962372e-01
1.050334037602542514e+00
1.599744401003086791e+00
-1.310613142480514970e+00
-2.142331130636073944e+00
-2.632393276173603969e+00
-7.568573641508395955e-01
-2.950921582364064433e-01
-1.149515494526631043e+00
1.283943870947268362e+00
-9.779963348811382406e-01
-2.236067977499754278e+00
1.924155080932796968e+00
2.679105608860358201e-01
-1.336556947261040573e+00
-5.286459577294079226e-01
-2.947387655273726370e+00
-2.958959048380942924e+00
-1.761618423784249154e+00
-3.068647305152356619e-01
5.412785805342736900e-01
-2.039086083781628478e+00
-4.983322472880468146e-01
5.493799204340100717e-01
-1.850830160034750982e+00
1.141112435090795518e+00
6.965546887683448096e-01
-3.468244545702141135e+00
-2.224070231705677969e+00
-1.925433893764872950e+00
-1.617156327659449389e+00
-4.587092048195973160e-02
-1.028219759952022638e-01
5.502998624610343503e-01
-1.301338904977308308e+00
-8.282312727597759272e-01
2.549169821670056013e+00
-2.944274929206187053e-01
-8.721564809580630850e-01
4.014321108359314438e-01
-3.244001385830915574e+00
-2.037191184862077620e+00
8.372770863978595823e-01
4.065430527670231831e-01
8.188348009835069163e-01
5.092516190727058856e-02
7.598996903879187137e-01
1.075535404257505601e+00
1.214763660780205923e-01
2.881581068690782121e+00
7.636793208604724104e-01
-2.770167160921125582e+00
1.616609850966865825e-01
-3.887322326827941654e-01
-5.713316416052343083e-01
2.634101539005246906e+00
1.559190334642637676e+00
6.971631017273218767e-01
7.675372242965954328e-01
1.546979174338410701e+00
3.057300195493354966e+00
6.420395219200246695e-01
7.777452678377680950e-01
8.985846712780666268e-01
-2.769109958331718246e+00
2.646251250445615377e-01
2.777718432780467150e+00
4.590700958022434497e-01
1.901735101457822319e+00
1.733606970830135818e+00
5.993026795984232047e-01
1.676002960733862235e+00
1.813210960414218365e+00
2.510696706133329847e+00
-1.574782902332771961e-01
-2.062087573770551518e+00
7.219253894722658105e-01
-7.583634890916455262e-01
-1.875280688270664076e-02
3.512775360754617715e+00
4.218743526352954909e-01
-2.669227982121804565e-01
1.626815478712088536e+00
9.073258622918365379e-01
1.412398226669580925e+00
4.490065516055389283e-01
-3.072036928837218461e-01
-1.279197293583780315e+00
-3.217310629143112166e+00
4.850000735255277640e-01
1.404875001347556829e+00
-1.133625095418353990e+00
1.459115273700059223e+00
3.206187345729091254e-01
-1.637630704771797507e+00
1.257003943187805062e+00
8.483585330559300086e-01
-5.729041046635722223e-01
-1.851136776237977344e+00
-2.798176262430630779e+00
-1.278127306252714757e+00
-2.050991190341186599e+00
-2.192313474119713113e-01
1.949889051000967655e+00
-2.038391362765652026e+00
-1.148609806183163995e+00
1.072096043676379562e+00
-1.310321394323255451e+00
-2.562262521986513608e-02
-1.432672590033326199e-01
-2.745219359256471314e+00
-3.000000000000000000e+00
-2.745219359256647618e+00
-1.432672590031829896e-01
-2.562262521991665043e-02
-1.310321394323343158e+00
1.072096043676461274e+00
-1.148609806183211957e+00
-2.038391362765616943e+00
1.949889051000925688e+00
-2.192313474119784722e-01
-2.050991190341049819e+00
-1.278127306252869078e+00
-2.798176262430607242e+00
-1.851136776237854109e+00
-5.729041046637923795e-01
8.483585330559793025e-01
1.257003943187882111e+00
-1.637630704771941392e+00
3.206187345729675231e-01
1.459115273700050786e+00
-1.133625095418359763e+00
1.404875001347607455e+00
4.850000735255069473e-01
-3.217310629142948297e+00
-1.279197293583861583e+00
-3.072036928838940417e-01
4.490065516057195061e-01
1.412398226669433043e+00
9.073258622916884342e-01
1.626815478712223761e+00
-2.669227982122585607e-01
4.218743526352793927e-01
3.512775360754684773e+00
-1.875280688308966770e-02
-7.583634890913558690e-01
7.219253894720603082e-01
-2.062087573770587046e+00
-1.574782902331035572e-01
2.510696706133300538e+00
1.813210960414239015e+00
1.676002960733897762e+00
5.993026795983543709e-01
1.733606970830231075e+00
1.901735101457694643e+00
4.590700958022309042e-01
2.777718432780702518e+00
2.646251250441931657e-01
-2.769109958331581023e+00
8.985846712781340173e-01
7.777452678374943140e-01
6.420395219204126924e-01
3.057300195493324324e+00
1.546979174338335872e+00
7.675372242965741165e-01
6.971631017272654773e-01
1.559190334642778453e+00
2.634101539005230030e+00
-5.713316416052831581e-01
-3.887322326826512797e-01
1.616609850967042350e-01
-2.770167160921260141e+00
7.636793208608589900e-01
2.881581068690458380e+00
1.214763660783135801e-01
1.075535404257409233e+00
7.598996903878136866e-01
5.092516190748080929e-02
8.188348009834676144e-01
4.065430527668991711e-01
8.372770863981870981e-01
-2.037191184861978588e+00
-3.244001385831106976e+00
4.014321108358784862e-01
-8.721564809579800404e-01
-2.944274929207637004e-01
2.549169821670072444e+00
-8.282312727595517732e-01
-1.301338904977427324e+00
5.502998624610884182e-01
-1.028219759950155243e-01
-4.587092048178553760e-02
-1.617156327659714954e+00
-1.925433893764767257e+00
-2.224070231705508327e+00
-3.468244545702411585e+00
6.965546887681435262e-01
1.141112435091066413e+00
-1.850830160034727001e+00
5.493799204337757036e-01
-4.983322472879160303e-01
-2.039086083781639580e+00
5.412785805341778778e-01
-3.068647305150956628e-01
-1.761618423784155230e+00
-2.958959048380957135e+00
-2.947387655273696616e+00
-5.286459577291607870e-01
-1.336556947261229089e+00
2.679105608860908871e-01
1.924155080932675954e+00
-2.236067977499780923e+00
-9.779963348812062973e-01
1.283943870947141797e+00
-1.149515494526394344e+00
-2.950921582363686957e-01
-7.568573641510721872e-01
-2.632393276173437435e+00
-2.142331130636113912e+00
-1.310613142480753002e+00
1.599744401003146965e+00
1.050334037602597359e+00
-6.900624873062146669e-01
1.739454476146678807e+00
-3.794814474721661668e-01
-1.020496048967231673e+00
2.603566272020924277e+00
-2.383113561658067869e-02
-1.798558597047009933e+00
-7.445318229728802306e-01
-1.280355727565904544e+00
3.041436117758630209e-01
1.197903370987725591e+00
2.265262689904986804e+00
2.163921400180509380e+00
-9.365308807274138614e-01
1.414213562373098032e+00
2.447008741249147690e+00
-4.936637948713487045e-01
1.615335817239105465e+00
5.096232280274750615e-01
-2.442032447907741322e+00
1.405459408732812054e-01
1.428417353137285684e+00
2.144557077375171428e+00
2.195829457481392133e+00
1.249387551458821966e+00
2.105534947724853723e+00
1.417361572821971838e-01
8.689446052517469932e-01
3.508277626947359895e+00
-5.794550177647287414e-01
-1.164186990258849086e+00
7.641730505648899330e-01
-1.201206875244142935e+00
9.946981868814783745e-01
3.018817921597020337e+00
1.863474768739074694e+00
1.223351836613865373e+00
-1.253785757823122626e-02
1.530078896384975407e+00
1.396802246667310232e+00
-5.651903912428408727e-01
1.498847356060394098e+00
-1.019773767426949140e+00
-3.268425333181053105e+00
1.030633314635253317e+00
9.923673818063376562e-01
5.484151974673531216e-01
2.064479161433404375e+00
3.024646643755133368e-01
-2.223566862828501023e-01
-4.071690863681738382e-01
4.693485358489659642e-01
1.130125353068299976e+00
-2.539555327057592127e+00
-1.874595772274626038e+00
-6.431483546631171500e-01
-2.905461933815530529e+00
7.681418694054868990e-01
2.210229309705631362e+00
-9.662177102147292418e-01
-2.932384893648102286e-01
-5.308983254297087173e-01
-7.755824138790912148e-01
-3.741701395570977695e-01
-1.204172797742128820e+00
-6.912059325251638242e-01
-3.323921894081465656e+00
-3.594540809973037376e+00
7.413475520881330771e-01
-6.583496100261416739e-01
-4.785108137903210657e-01
1.712411613699440061e+00
-1.680892529551876180e+00
-1.766804933885024465e+00
3.989845973927158562e-02
-5.773856357108501092e-01
-8.581106844501120712e-01
-2.656289055229702711e+00
-2.122903208808736064e+00
-1.640974487366676726e+00
-2.407954668222377137e+00
1.804375004303609753e+00
1.534163434305421347e+00
-1.830279230249781008e+00
5.613707575695853214e-01
-2.714136445935494968e-01
-1.456940232917464551e+00
7.028190155797434668e-01
-4.486090173143808535e-01
-1.618033988749790097e+00
-2.437546079054459192e+00
-1.457130254522354784e+00
1.484513181084087474e+00
2.020849052936232737e-01
1.332561768856911577e+00
2.499638347224323986e+00
-1.650961336655735634e+00
-1.086478725703027282e-02
2.142407753739931753e+00
-4.389070194728379448e-01
6.467139223241957779e-02
-4.441477779438067208e-01
-1.377922131811999851e+00
-2.854241929824982149e-01
7.006030620086987071e-01
3.424574383356095986e+00
1.969046336315815715e+00
-1.567707445123367460e-01
2.416921649333090283e+00
3.847817536823073814e-01
-1.745535965041709048e-01
2.948266506464987113e+00
8.421338481175655311e-03
-1.437930480975346592e+00
3.711293614590271961e-02
3.079904782171113409e-01
2.034048749598394323e+00
2.099066413561663680e+00
2.647349543442073738e+00
2.115578128845426953e+00
-1.035586100081785643e+00
1.661827306284962003e+00
2.425747769277035282e+00
-8.903691701566361916e-01
9.558184838996179877e-01
-1.980438286902964917e-02
-2.074469005126345245e+00
9.091410951179369482e-01
2.076639974974747727e+00
2.376217470011933841e+00
1.443757558339910041e+00
2.573891022410043083e-01
1.403701856512763246e+00
-6.218720955637752068e-01
5.869164792973802225e-02
2.265140159342811099e+00
-2.072914399854855372e+00
-2.154517534692925285e+00
3.423854664701466710e-01
-9.999999999998333555e-01
1.062914473127688053e+00
2.179649614459266527e+00
6.322963500791817237e-01
-2.657717807761005302e-01
-1.427785859787178646e+00
5.464917302240875907e-01
7.132437820356951619e-02
-2.254863015453197672e+00
-1.117338234713718403e-01
-2.250636430953300682e+00
-3.585142736447038736e+00
1.085176705403262609e+00
7.803570819876741727e-01
-1.558980102325345785e-01
5.852080016518167449e-01
-1.099532863805927185e+00
-1.170365046695178934e+00
-1.436114536538262820e+00
-5.369907641913761465e-01
-1.313487262164197977e-01
-3.863210138831487228e+00
-2.374646994930772248e+00
-4.309147798565987619e-01
-2.285293967692987316e+00
1.138457568438890899e+00
1.763204811365017388e+00
-1.641099839915280745e+00
-9.791378374065615731e-01
-9.599843017494714692e-01
-7.595443828535149988e-01
-7.557298509414523968e-01
-1.802939360256360146e+00
-8.762576428473325407e-01
-3.000560163512258072e+00
-2.389258913012587193e+00
2.234477938555707865e+00
3.275728718891310898e-01
-2.885021610352753174e-02
1.650381920154750048e+00
-1.498259302784253899e+00
-1.135161350468226527e+00
5.325477998364169796e-01
-8.940617268323003408e-02
-5.755830040519869240e-01
-2.296069117060475229e+00
-7.721234302335052702e-01
2.800692717857444780e-01
-4.525988349711272951e-01
3.356705800297306030e+00
2.236067977499674342e+00
-1.339073830987942637e+00
1.191377594409876783e+00
5.827086996153729714e-01
-3.942254444520651435e-01
1.248283347362082463e+00
-4.718848505808537208e-02
-7.054122723183617882e-01
-1.091551246877411119e+00
5.774723229804628044e-01
3.500527459143245146e+00
1.340155875134134034e+00
1.896730864186281229e+00
2.708265098119269076e+00
-1.263078059020756427e+00
6.963506456295753821e-01
2.572617805312675809e+00
-1.877653553612410597e-01
1.078003276703899393e-01
-2.107750325584904494e-01
-1.932089731044154268e-01
1.144633519697602519e+00
1.795730306840061630e+00
3.965809113695843990e+00
1.587972364705477979e+00
-6.979402348481885676e-01
2.150443037184117223e+00
1.814992507251816378e-01
-4.105095389011829132e-01
2.210282067399629291e+00
-7.863956498726794031e-01
-1.664325438671201862e+00
2.173128136910698061e-01
9.746986561488985013e-01
2.370995189048809237e+00
1.377215997945236747e+00
1.510676259494262652e+00
8.131381127610665116e-01
-2.171337499438445118e+00
8.557106082669991842e-01
1.294010276241047031e+00
-2.257000911511817698e+00
-3.894230813491261767e-01
-9.478351584960410525e-01
-2.106118614782777954e+00
9.339411868219347213e-01
1.621360137924261702e+00
1.369819885377621560e+00
-3.437019492157010747e-01
-1.408181497173081720e+00
2.212317420824962966e-01
-1.830530074626171899e+00
-1.183272108536992162e+00
7.575710147795593485e-01
-3.451455566034832501e+00
-2.768151454468468220e+00
2.410210392990753681e-01
-7.860157457956473692e-01
7.927515525691970488e-01
9.634635605561876481e-01
-6.953929617326016777e-01
-1.516010408660991793e+00
-2.393829627274850047e+00
8.917453773638742143e-03
-7.923634362186842139e-01
-3.245441008315371967e+00
-7.039471666332028921e-01
-2.245045713734596937e+00
-2.779082969379527146e+00
1.858033004407870337e+00
9.840951930652134250e-01
-4.593630371405576507e-01
-2.280292056138673029e-01
-1.506178293536271084e+00
-1.023937386830250151e+00
-1.414213562373248800e+00
-4.865404736911828065e-01
-1.640793117728788220e-01
-3.652569301530705914e+00
-1.248163561874388261e+00
1.153793643066901353e+00
-7.182232177151930408e-01
2.095197439214897983e+00
1.899047233406611301e+00
-1.468051155231809624e+00
-6.075128151645386998e-01
-2.926754625386110975e-01
2.288278364163959799e-01
-2.145694541238426511e-01
-1.302204730980366154e+00
2.245139418947866838e-01
-1.399020971300640515e+00
-2.463114606533484130e-01
4.129553751676108497e+00
1.396674049992809419e+00
5.061908970222483983e-01
1.883072955532106629e+00
-8.314073568667248448e-01
-8.813390483185756796e-02
1.278447513122212387e+00
6.180339887501750118e-01
4.921680748309387177e-02
-1.423055967731048144e+00
9.865108293108377779e-01
2.175711152986110619e+00
9.828131538162283576e-01
4.072710281357488249e+00
2.161038384812667079e+00
-1.368191349568985693e+00
1.413257666602278029e+00
9.674324938235560056e-01
4.979072538940362835e-02
1.152609043155281787e+00
-9.243330579466857433e-02
-1.122333675276860898e-01
-1.991749144386074366e-01
1.740397711316634011e+00
4.154833509372091171e+00
9.399792106681542636e-01
1.071252456624927074e+00
1.798484280569526694e+00
-1.814221602039556513e+00
3.911080018697863925e-01
1.895422068131288107e+00
-9.480416248674335966e-01
-6.470567890798168964e-01
-6.023389392594248326e-01
2.302692613438603320e-01
1.397378392296825256e+00
1.358020314045134125e+00
2.888749767992599526e+00
-1.479912400493906266e-01
-2.226754994136681098e+00
1.049823083929894985e+00
-8.567380333351528598e-01
-1.496148795756878203e+00
7.649282904741985245e-01
-1.971630779747147955e+00
-2.122022877647205874e+00
1.906801281365333445e-02
9.106141891445966863e-01
1.668821360145241295e+00
-3.240915247438120317e-01
-2.574195203814740873e-01
-7.566338236971261733e-01
-3.368844439574671945e+00
-3.152401268176341365e-02
1.066943090056086674e-01
-3.441175784327865639e+00
-1.269617347190984624e+00
-1.260073510670300045e+00
-1.696904989080465942e+00
1.011144418214951379e+00
1.004527505461686454e+00
3.054133998959742136e-01
-1.814211084577194821e+00
-2.383125438974510235e+00
-1.613675921186857876e-01
-2.255289983410072807e+00
-1.606549082869822120e+00
2.611633615233422967e-01
-3.528264272801576062e+00
-2.037698712085969088e+00
1.207827550155626373e+00
1.130338281975229453e-01
9.667304615319550765e-01
3.343492692471998762e-01
-1.074035886585398947e+00
-1.553065255986167514e+00
-2.083066151026945256e+00
6.416854273835608247e-01
-4.922775804585098891e-01
-2.876454531350168153e+00
2.202802747646134263e-01
-7.742808819952522459e-01
-8.683668117011567045e-01
3.256500783059654403e+00
1.614176659401338254e+00
-2.094194921561909895e-01
-1.890144059583959146e-01
-8.506043072106953540e-01
1.134615905731228835e-01
-5.463315043199159504e-01
3.822479821902677877e-01
7.328980907747981721e-01
-2.389385018607702804e+00
7.486064977653108521e-01
3.145248699376692603e+00
8.038584619095031636e-01
2.786630067724995108e+00
1.925410151282284321e+00
-1.112792387456422061e+00
4.758486221102908864e-02
5.633651280490428181e-01
1.223990171523386294e+00
2.969981681808766538e-01
-6.890469842434281400e-01
1.466240674995803683e+00
1.181351792364140757e-01
1.339919419658911703e+00
