5.000000000000000000e+00
1.142918641829761217e+00
-2.184515360868033440e-01
2.653550570280291510e+00
1.118952298634254827e+00
5.941127451706393892e-01
6.696802147766487412e-01
-1.369965391750634476e+00
-4.457444597456223789e-01
4.591585746321897865e-01
-3.644962538419427300e-01
-1.040604054471609086e+00
-1.730104150497313809e+00
1.046175035907686235e+00
1.877372510319602839e+00
-1.903034110179731453e+00
-4.510836771775031395e-02
2.140251584009949859e+00
-5.518600830688942249e-01
5.846044134363075351e-01
3.254271151123612205e-01
-2.603512760946157023e+00
8.360179343773987970e-02
4.280236738154654108e-01
-3.240670823219801377e+00
-2.721963056269951053e+00
-1.324787284082796557e+00
-1.030939599773180504e+00
-1.721918173090133397e+00
-2.934443400645509570e+00
-6.442940282517832795e-01
2.658683986937387944e-01
-8.273022340147788700e-01
9.562123170237812886e-01
-2.211255170420155514e-01
-7.432147768682917377e-01
3.344251875991800738e+00
9.731587229426214014e-01
-2.210396230833803877e+00
1.409607537294527368e+00
1.301131695689432544e+00
-7.935973485509052461e-01
-9.217222092605292794e-02
-9.660765149949015473e-01
-3.701505353277465549e-01
9.763805080818451776e-01
5.097549142638846398e-02
2.153623074100374790e-02
3.659146623549169863e-02
1.762708214181398780e+00
3.572372751252376410e+00
1.210713461955985337e-01
4.113264735325210530e-01
4.259926902035642726e+00
1.584196242194363391e+00
4.990545779450314967e-01
2.022941203004934962e+00
-5.610523553692449150e-01
3.004348168248736628e-01
1.761836944802375626e+00
-1.862593722839712029e+00
-2.069115403991196978e+00
1.021925620549663238e-01
-4.606836011803605579e-02
-8.505444081002168089e-01
-2.051585814589525381e+00
-2.438947281605213790e-01
1.497477135378893376e+00
-7.623147938939336399e-01
-3.760210327047786016e-02
5.969628643306307270e-01
-1.288259205849096478e+00
1.368491371321964412e+00
7.799894732078093140e-01
-3.673353948044843165e+00
-8.815181428282502507e-01
7.076621029510890004e-01
-2.661329262616270341e+00
-2.436930872538455972e+00
-1.894908045807714991e+00
-1.777600155503565205e+00
-5.118402943762341284e-01
-1.371865275283158381e+00
-1.284739445971144534e+00
-3.575959725950994539e-01
3.399437757662342463e-01
2.236901642262750567e+00
5.719444831806885787e-02
-1.167917863763509922e+00
3.282091342860443905e+00
1.960439233791088975e+00
-1.234470968698097249e+00
1.210333485242769180e+00
4.118815545426322000e-01
-4.982750148968736470e-01
1.561592827830583285e+00
-7.701240208538225884e-01
-1.658350747148975790e+00
1.238267296647869831e+00
1.320051642083012400e+00
3.819660112501314098e-01
-2.048933917746112998e-01
1.170471614736964705e+00
3.557401507201190860e+00
1.247821294936358738e+00
4.966568971068239247e-01
2.731905727038167253e+00
8.684115739932811717e-01
1.279549129683613673e+00
2.281740418896062828e+00
-2.009325791441158415e+00
-1.004933705840985514e+00
2.049265563837330717e+00
-1.569336875635188866e+00
-2.655196128535970868e+00
-8.189677650283224697e-01
-8.995483459271698123e-01
-3.808602991872535037e-01
-1.116202967593362683e+00
-1.361221627756350694e+00
1.207594915133166635e-01
-1.840437372232528457e-02
8.305821461246347681e-01
-1.493365066225760263e-02
-2.337448987185149818e+00
1.121320343559629729e+00
1.454178198613982342e+00
-3.301129909233168735e+00
-1.516433093932249676e+00
-1.039720547650156979e-01
-2.394414595353096864e+00
-1.026127440390663503e+00
-1.584313575239137073e+00
-3.007497152284650532e+00
-1.523247861180178075e-01
4.877269979282807810e-01
-7.644567960996271339e-01
-6.887020151589053896e-01
4.468690452930648149e-01
2.889503556565701459e+00
1.341174957652631061e+00
-6.969669546104295677e-01
2.363924970528401559e+00
1.855012195733241276e+00
1.298215316069518677e-01
1.967949816492051474e+00
-5.326676084091549468e-01
-1.270978633809235259e+00
2.599862136515517008e+00
1.936277441434048896e-01
-2.162186543260400384e+00
6.977501948324085213e-01
1.322944466456004609e+00
9.994814956913340431e-01
6.550935704446010366e-01
3.781938179518052889e-01
2.208646244561007776e+00
1.954950617249306299e+00
1.417896104903788146e+00
1.709777810619076188e+00
-5.672896856689023659e-01
1.008898302150504467e+00
2.723013049656358930e+00
-2.274675029385248237e+00
-2.257270145311303544e+00
1.047227150221463621e+00
-1.600246547103134187e+00
-2.053227989828531275e+00
-1.058695100630054675e+00
-2.518257251118944495e+00
-6.934163602371875568e-01
3.608244295692166759e-01
-1.357011857844898195e+00
-1.163668100331595845e+00
-2.368519021029545923e-01
1.375279769492935955e+00
5.283394153938807403e-01
-2.450315676195539805e+00
8.611489605780575651e-02
1.233574554186652295e+00
-2.132743171172442942e+00
-9.407639752531919974e-01
-1.032794701558359840e+00
-3.026265606949064768e+00
2.631362062546507286e-01
-2.345074366114743847e-01
-3.458095568238643835e+00
-4.944676897029001150e-01
1.380627186684343588e+00
3.025358545904894836e-01
1.935112113964152503e-01
3.279191673461339107e-01
2.237999107885865424e+00
2.446819115221238850e+00
8.328162001178163187e-01
1.792432679090946390e+00
8.164539364561413937e-01
6.198639586092303810e-01
3.056811967370808070e+00
-5.162595009842625426e-01
-2.236067977499792470e+00
2.256483002222129830e+00
8.010168408064572976e-01
-1.549436044305302573e+00
5.435505655310421957e-01
1.733236891982571359e-01
7.210517215232256083e-01
2.076053112197623562e+00
4.218701345964860350e-01
4.696306012612899150e-01
1.514290104841706786e+00
2.059148839403346809e+00
1.645918366725920290e+00
-1.425457310405784828e+00
-2.575089280310182138e-01
2.195647319882877646e+00
-1.730633282698642139e+00
-2.375373756771815614e+00
-3.804985871570849554e-01
-2.642579106402966005e+00
-1.320859945065038232e+00
-1.915097697989154302e-01
-3.585348367244705070e+00
-1.746607973921637136e+00
1.125671412831648954e+00
-5.890850170765022931e-01
-1.209101954481689223e+00
-6.726033847814211208e-01
7.791710598667989096e-01
1.216697377770743937e+00
-1.191144986427707053e+00
-5.493601252449910044e-01
9.107657407939340199e-02
-1.432595595894198048e+00
4.175512008687923826e-01
-9.627143690572121937e-01
-3.831795022011831975e+00
4.728929053872232280e-01
1.080661414265816189e+00
-2.611739243263318855e+00
-4.199516330465719038e-01
1.114773621306413220e+00
6.698812376901103205e-01
1.914415679900757450e+00
1.027703173296302896e+00
9.690403171436703378e-01
2.432933704801522712e+00
2.329635078864319198e+00
2.122216095371030065e+00
3.963271246769606293e-02
-4.096722960866827634e-14
3.199979412742782525e+00
2.389644467304559150e-01
-2.257764955390360484e+00
1.139891596656148476e+00
1.516138972765175841e-01
-7.655758845686024827e-01
1.359011244877736280e+00
-9.113991592379184770e-01
-6.132611561268198619e-01
2.790598981884032437e+00
1.136347458765893714e+00
-3.850418502670798215e-01
5.360639538075783195e-01
1.462714592319146245e+00
1.713774592164765576e+00
-9.935292026296549395e-01
-1.354111306451105667e+00
5.115431617310612911e-01
-1.550464349212274939e+00
-1.498542592280216912e+00
-9.820881168184307786e-01
-4.061795386061833213e+00
-1.465286367178216587e+00
8.999286319369924625e-01
-3.313028015513793001e+00
-2.397077058034077890e+00
8.166880549359093466e-01
-2.515080940076057647e-01
-8.607735557245865810e-02
-1.715930046263183795e-01
-4.480366498741017445e-01
1.029705950831896866e+00
5.209728331393941314e-01
-6.233316476213018875e-02
-8.491068071752602142e-01
-1.642138723163408809e+00
1.249616080460456580e+00
6.764346962868039714e-02
-3.627649676061276640e+00
-4.469753296189232783e-02
1.256159515170794494e+00
-1.299270290211665735e+00
7.713717315728756407e-01
7.117534535529121964e-01
-9.631618599998414965e-02
3.168772899325039027e+00
2.489829294838894924e+00
3.303366100234859659e-01
1.658509678073371907e+00
2.618033988749842500e+00
2.600977539972920916e+00
3.722366457348901259e-01
-7.336828752485262672e-01
1.921614106728150251e+00
5.618504150283154530e-01
-1.284608034768403906e+00
4.892206626677880754e-01
-1.342047911029237151e+00
-9.169786339918976070e-01
2.408752179982400321e+00
-9.781224853415733111e-01
-1.920685236671736851e+00
2.254867722429855448e+00
1.381343975477847374e+00
-1.328600850097981512e-01
2.726118222407170610e-01
-3.765520129528221460e-02
8.716979550374872598e-01
7.690988356430217276e-02
-1.344843789353950658e+00
-1.245820404935192638e+00
-2.270942198224131126e+00
-8.188743809301785026e-01
-5.150949048106308048e-01
-4.550850274077894220e+00
-2.269060513105786825e+00
1.056984123316196733e+00
-2.278814011558675023e+00
-1.714017828628171092e+00
3.502303509846352858e-01
-9.395220921314288987e-01
1.019566347313350718e+00
1.430115921769195442e+00
-1.050122539159723534e+00
1.443929659607545712e-01
1.409509522092460720e+00
9.332333949374744808e-01
-5.980636320310894760e-01
-1.928247596118018770e+00
8.105610452473792638e-01
9.063632253809772443e-01
-2.186706209677535373e+00
-1.341987667172773735e-01
4.044364171264810404e-01
-7.562132860585494276e-01
2.448185405885072274e+00
1.160522654326854086e+00
-1.113624978584446090e+00
3.155137092709490165e+00
3.544152554510603181e+00
6.978129650172113507e-01
1.327206219704245793e+00
1.725231665987957852e+00
2.059568198750011625e+00
1.338740023261889345e+00
-5.660808867536897271e-01
1.091216301133066113e-01
-2.633923130073444474e-01
-4.323973136528341810e-01
7.347962859401035995e-01
-2.364087316338297828e+00
-1.968353201491497284e+00
2.480164554135010135e+00
-3.698640241153785535e-01
-2.069268334881714466e+00
1.269894872046202217e+00
4.273408008544764547e-01
2.340852304018272156e-01
1.171324155289475977e+00
-1.160785715653973593e+00
-8.198901433360339386e-01
5.536465543357937946e-01
-5.905726601604247561e-01
-1.881482998108765958e+00
-3.121320343559715660e+00
-1.203705018577858166e+00
3.230357554147000876e-02
-3.586901550081200263e+00
-2.562960148352050105e+00
1.983728419940815613e-01
-1.699849596828207465e+00
-8.326464656415002996e-02
8.177094707015409858e-01
-1.921138906261319779e+00
1.164441124481926160e+00
3.039991690408069935e+00
-4.732877414581270203e-01
-2.766193295218670745e-01
1.229042723956520700e+00
1.169422525348254416e+00
5.507410156274054058e-01
-1.236774607288813277e+00
-2.828494408448837261e-01
6.202281377941654128e-01
-5.672787593610182366e-01
7.305048348984193307e-01
-2.925485958269977704e-01
-1.223207326442434351e+00
3.281911487872058331e+00
2.236067977499799131e+00
-1.204480124367292015e+00
2.426745859995099064e+00
3.217452540683916062e+00
1.172071764699467611e+00
2.052494617775741492e+00
8.010668628951909120e-01
3.170625539201606391e-01
1.701783799446936030e+00
3.214470989584248262e-01
-9.676426158695942137e-01
-1.613216790550181301e+00
-7.058694757446847268e-01
1.033085108012564923e+00
-2.138666277386684023e+00
-2.767631869448297088e+00
1.304847892597665648e+00
-2.354556658853967088e-01
-1.138701930395043416e+00
1.053745127940995285e+00
-1.115281812743595502e+00
-2.571252753088889564e-01
2.353650798389042897e+00
-1.106319404882611268e+00
-2.170208493000287397e+00
5.708864741301689083e-02
-3.083493677960668089e-01
-1.385132060596427461e+00
-2.902770012708781433e+00
-2.204721663577766222e+00
-3.554438813038928169e-01
-2.014418314726427628e+00
-1.626284418579913238e+00
-5.768635070504825046e-01
-1.994970466595218817e+00
1.182885358710997759e+00
2.177770742518226665e+00
-1.965493750726269084e+00
6.890275660495044363e-01
3.494227293085211627e+00
4.963983089607190147e-01
5.303396881036376298e-01
9.469211662344771963e-01
1.747085364750554648e-01
1.344725141331197804e+00
3.827303054355275513e-01
-8.170375652031590663e-01
-4.270020418433533305e-01
3.395755787625698296e-02
1.762669420073815107e+00
4.566123749752315497e-02
-1.709242089219052296e+00
2.706387727449129255e+00
2.757176462278410067e+00
-2.580722361072157467e-01
2.182679966219602363e+00
1.853219869937319686e+00
6.683476302190084484e-01
3.112879556457217145e+00
7.709243983791851385e-01
-1.534656290069636331e+00
9.084185577061322237e-01
7.479964725967198635e-01
-1.048479571114580455e+00
-2.194129483140361714e+00
-1.839393713338929093e+00
3.109747982426956936e-01
-1.245118573307403942e+00
-2.371601088654820444e+00
-9.112715210224631157e-02
-1.099320999556818057e+00
-2.931961941586656017e-01
1.839668690789523886e+00
-1.913473125755312143e+00
-1.372265875972840332e+00
2.624076088860228140e+00
-4.186146594932587117e-01
-2.164466566370239153e+00
-5.200834107957189589e-01
-1.136323220181449489e+00
-8.718075139042974486e-01
-1.400654448664840235e+00
-2.600455611736201877e+00
-1.496851861580651866e+00
-1.082030796781849435e+00
-8.409409042754767416e-02
-2.578173389696684081e-01
-2.306293973219862181e+00
1.285646664615901713e+00
3.265521097312052756e+00
-7.700831174957910585e-01
7.424461264482387080e-01
2.830569561209580254e+00
6.462344259669353663e-01
1.984067006181065018e+00
1.521301017908871955e+00
-1.186550879916427936e+00
9.936852497986614630e-01
1.731603638499982445e+00
-4.140719617820355358e-01
-1.000000000000000000e+00
-4.140719617822468668e-01
1.731603638500063935e+00
9.936852497987460620e-01
-1.186550879916606238e+00
1.521301017908845754e+00
1.984067006181152726e+00
6.462344259668161284e-01
2.830569561209539842e+00
7.424461264483978029e-01
-7.700831174958365777e-01
3.265521097311933296e+00
1.285646664616076018e+00
-2.306293973219723181e+00
-2.578173389698200646e-01
-8.409409042749804719e-02
-1.082030796781665138e+00
-1.496851861580744014e+00
-2.600455611736258277e+00
-1.400654448664714780e+00
-8.718075139044010324e-01
-1.136323220181578497e+00
-5.200834107955789598e-01
-2.164466566370274236e+00
-4.186146594934683218e-01
2.624076088860306744e+00
-1.372265875972707772e+00
-1.913473125755450255e+00
1.839668690789493022e+00
-2.931961941584917408e-01
-1.099320999556829159e+00
-9.112715210231292495e-02
-2.371601088654741840e+00
-1.245118573307330223e+00
3.109747982422919610e-01
-1.839393713338917991e+00
-2.194129483140310644e+00
-1.048479571114558251e+00
7.479964725968462069e-01
9.084185577063677020e-01
-1.534656290069756235e+00
7.709243983793212518e-01
3.112879556457182950e+00
6.683476302189489404e-01
1.853219869937219100e+00
2.182679966219510437e+00
-2.580722361071309257e-01
2.757176462278624118e+00
2.706387727449031999e+00
-1.709242089219069172e+00
4.566123749755590655e-02
1.762669420073816662e+00
3.395755787653798041e-02
-4.270020418434331555e-01
-8.170375652032919600e-01
3.827303054355402634e-01
1.344725141331100549e+00
1.747085364749572101e-01
9.469211662346370684e-01
5.303396881033726196e-01
4.963983089608147159e-01
3.494227293085272912e+00
6.890275660495825960e-01
-1.965493750726487576e+00
2.177770742517836311e+00
1.182885358711437185e+00
-1.994970466595292091e+00
-5.768635070506716866e-01
-1.626284418579633240e+00
-2.014418314726482695e+00
-3.554438813041365108e-01
-2.204721663577591251e+00
-2.902770012708796532e+00
-1.385132060596577341e+00
-3.083493677962041435e-01
5.708864741343389060e-02
-2.170208493000158612e+00
-1.106319404883123747e+00
2.353650798389100629e+00
-2.571252753085870868e-01
-1.115281812743896817e+00
1.053745127941048132e+00
-1.138701930394828477e+00
-2.354556658857836771e-01
1.304847892597794434e+00
-2.767631869448043513e+00
-2.138666277386847003e+00
1.033085108012425923e+00
-7.058694757442618428e-01
-1.613216790550090485e+00
-9.676426158698925306e-01
3.214470989582363103e-01
1.701783799447027956e+00
3.170625539200825904e-01
8.010668628950609049e-01
2.052494617775844965e+00
1.172071764699407881e+00
3.217452540683923612e+00
2.426745859995245169e+00
-1.204480124367319993e+00
2.236067977499546000e+00
3.281911487872354538e+00
-1.223207326442198983e+00
-2.925485958271141218e-01
7.305048348984067852e-01
-5.672787593609347478e-01
6.202281377941128993e-01
-2.828494408449707120e-01
-1.236774607288674499e+00
5.507410156273179203e-01
1.169422525348182917e+00
1.229042723956578653e+00
-2.766193295217059811e-01
-4.732877414584819031e-01
3.039991690408136105e+00
1.164441124482096690e+00
-1.921138906261425472e+00
8.177094707015210018e-01
-8.326464656398722963e-02
-1.699849596828276521e+00
1.983728419940501420e-01
-2.562960148351991929e+00
-3.586901550081198042e+00
3.230357554142182508e-02
-1.203705018577801544e+00
-3.121320343559507382e+00
-1.881482998109007099e+00
-5.905726601605376658e-01
5.536465543359380126e-01
-8.198901433361285296e-01
-1.160785715654120587e+00
1.171324155289664048e+00
2.340852304018136432e-01
4.273408008544749004e-01
1.269894872046300804e+00
-2.069268334881658511e+00
-3.698640241155870534e-01
2.480164554135071864e+00
-1.968353201491256144e+00
-2.364087316338378209e+00
7.347962859399822522e-01
-4.323973136526736427e-01
-2.633923130073564378e-01
1.091216301131264221e-01
-5.660808867536633038e-01
1.338740023261925316e+00
2.059568198749908596e+00
1.725231665988041563e+00
1.327206219704458512e+00
6.978129650167909093e-01
3.544152554510510811e+00
3.155137092709801028e+00
-1.113624978584537573e+00
1.160522654326792136e+00
2.448185405885248134e+00
-7.562132860584437344e-01
4.044364171264758223e-01
-1.341987667173748511e-01
-2.186706209677509172e+00
9.063632253811340078e-01
8.105610452472422622e-01
-1.928247596117794727e+00
-5.980636320311741860e-01
9.332333949371877102e-01
1.409509522092595502e+00
1.443929659606663085e-01
-1.050122539159886070e+00
1.430115921769427256e+00
1.019566347313302757e+00
-9.395220921315454721e-01
3.502303509847908281e-01
-1.714017828628267015e+00
-2.278814011558508046e+00
1.056984123316095925e+00
-2.269060513105919163e+00
-4.550850274077814284e+00
-5.150949048107589245e-01
-8.188743809303244969e-01
-2.270942198224015218e+00
-1.245820404935338299e+00
-1.344843789353947550e+00
7.690988356458772213e-02
8.716979550373211705e-01
-3.765520129528099336e-02
2.726118222408299152e-01
-1.328600850098907715e-01
1.381343975477809405e+00
2.254867722429924726e+00
-1.920685236671555662e+00
-9.781224853420256160e-01
2.408752179982470043e+00
-9.169786339915010354e-01
-1.342047911029499829e+00
4.892206626677817471e-01
-1.284608034768185858e+00
5.618504150281936615e-01
1.921614106728152915e+00
-7.336828752484030325e-01
3.722366457346342195e-01
2.600977539972414210e+00
2.618033988750037899e+00
1.658509678073595950e+00
3.303366100231701630e-01
2.489829294838702634e+00
3.168772899325353443e+00
-9.631618599981883744e-02
7.117534535529135287e-01
7.713717315730287405e-01
-1.299270290211604451e+00
1.256159515170546914e+00
-4.469753296157907840e-02
-3.627649676061174944e+00
6.764346962805500851e-02
1.249616080460485890e+00
-1.642138723163192759e+00
-8.491068071755222268e-01
-6.233316476217598545e-02
5.209728331395078182e-01
1.029705950831903083e+00
-4.480366498741482628e-01
-1.715930046261526232e-01
-8.607735557251661174e-02
-2.515080940076024341e-01
8.166880549360517882e-01
-2.397077058033930896e+00
-3.313028015513960867e+00
8.999286319369415033e-01
-1.465286367178180393e+00
-4.061795386061929136e+00
-9.820881168185604526e-01
-1.498542592280037500e+00
-1.550464349212195447e+00
5.115431617310683965e-01
-1.354111306451048824e+00
-9.935292026294790801e-01
1.713774592164515109e+00
1.462714592319092954e+00
5.360639538076354960e-01
-3.850418502673325083e-01
1.136347458765822438e+00
2.790598981884251817e+00
-6.132611561267571343e-01
-9.113991592380326079e-01
1.359011244877891045e+00
-7.655758845684547120e-01
1.516138972765212201e-01
1.139891596656169348e+00
-2.257764955390157091e+00
2.389644467300749975e-01
3.199979412742556928e+00
1.945110739143274259e-13
3.963271246751720600e-02
2.122216095370696554e+00
2.329635078864441322e+00
2.432933704801588881e+00
9.690403171437463881e-01
1.027703173296413919e+00
1.914415679900790979e+00
6.698812376901387422e-01
1.114773621306638374e+00
-4.199516330462544911e-01
-2.611739243263475174e+00
1.080661414265548403e+00
4.728929053874487698e-01
-3.831795022011727614e+00
-9.627143690574578860e-01
4.175512008687399801e-01
-1.432595595894151863e+00
9.107657407919877990e-02
-5.493601252450359684e-01
-1.191144986427506769e+00
1.216697377770765254e+00
7.791710598666116150e-01
-6.726033847812823430e-01
-1.209101954481727859e+00
-5.890850170765691285e-01
1.125671412831804830e+00
-1.746607973921820101e+00
-3.585348367244767687e+00
-1.915097697987913072e-01
-1.320859945064941199e+00
-2.642579106402957123e+00
-3.804985871571248124e-01
-2.375373756771821832e+00
-1.730633282698572861e+00
2.195647319882618742e+00
-2.575089280308912043e-01
-1.425457310405765066e+00
1.645918366725622528e+00
2.059148839403358799e+00
1.514290104841835349e+00
4.696306012610675373e-01
4.218701345964994687e-01
2.076053112197716821e+00
7.210517215232703503e-01
1.733236891984867301e-01
5.435505655312811157e-01
-1.549436044305363636e+00
8.010168408063532697e-01
2.256483002222169798e+00
-2.236067977499777815e+00
-5.162595009842092519e-01
3.056811967370741012e+00
6.198639586091421183e-01
8.164539364560750023e-01
1.792432679090936842e+00
8.328162001179817420e-01
2.446819115221343210e+00
2.237999107885728201e+00
3.279191673464112444e-01
1.935112113965713476e-01
3.025358545903494845e-01
1.380627186684441954e+00
-4.944676897023972950e-01
-3.458095568238766848e+00
-2.345074366118518050e-01
2.631362062550661185e-01
-3.026265606948963960e+00
-1.032794701558551909e+00
-9.407639752530588817e-01
-2.132743171172629459e+00
1.233574554186495975e+00
8.611489605826502802e-02
-2.450315676195531367e+00
5.283394153933413939e-01
1.375279769492975035e+00
-2.368519021027869487e-01
-1.163668100331706867e+00
-1.357011857845034530e+00
3.608244295693928683e-01
-6.934163602370265744e-01
-2.518257251119061735e+00
-1.058695100630005825e+00
-2.053227989828371847e+00
-1.600246547103553407e+00
1.047227150221461844e+00
-2.257270145311027765e+00
-2.274675029385599512e+00
2.723013049656098694e+00
1.008898302150749160e+00
-5.672896856690179401e-01
1.709777810618895888e+00
1.417896104903807242e+00
1.954950617249334277e+00
2.208646244561015326e+00
3.781938179518988807e-01
6.550935704448070940e-01
9.994814956911051151e-01
1.322944466455927337e+00
6.977501948328325154e-01
-2.162186543260476324e+00
1.936277441429947732e-01
2.599862136515673772e+00
-1.270978633809053848e+00
-5.326676084094009722e-01
1.967949816492000403e+00
1.298215316069403213e-01
1.855012195733195757e+00
2.363924970528595182e+00
-6.969669546100734081e-01
1.341174957652657262e+00
2.889503556565573117e+00
4.468690452932035928e-01
-6.887020151588664207e-01
-7.644567960996986322e-01
4.877269979283571089e-01
-1.523247861179045648e-01
-3.007497152284794861e+00
-1.584313575239105765e+00
-1.026127440390567802e+00
-2.394414595353180797e+00
-1.039720547651488691e-01
-1.516433093931989440e+00
-3.301129909233294413e+00
1.454178198613798934e+00
1.121320343559759181e+00
-2.337448987185098304e+00
-1.493365066241381101e-02
8.305821461245499471e-01
-1.840437372219033696e-02
1.207594915133219926e-01
-1.361221627756378449e+00
-1.116202967593337148e+00
-3.808602991873646371e-01
-8.995483459273179161e-01
-8.189677650279931775e-01
-2.655196128535981526e+00
-1.569336875635464201e+00
2.049265563837456394e+00
-1.004933705840842073e+00
-2.009325791441262332e+00
2.281740418895878086e+00
1.279549129683660080e+00
8.684115739932147804e-01
2.731905727038072662e+00
4.966568971070249860e-01
1.247821294936529490e+00
3.557401507200988355e+00
1.170471614737033761e+00
-2.048933917744132360e-01
3.819660112500244398e-01
1.320051642083042376e+00
1.238267296648035698e+00
-1.658350747149153870e+00
-7.701240208537890597e-01
1.561592827830645458e+00
-4.982750148970445103e-01
4.118815545426809943e-01
1.210333485242894858e+00
-1.234470968698122118e+00
1.960439233791043012e+00
3.282091342860448790e+00
-1.167917863763381803e+00
5.719444831792452888e-02
2.236901642262821621e+00
3.399437757664298676e-01
-3.575959725949980905e-01
-1.284739445971299743e+00
-1.371865275283083996e+00
-5.118402943762588864e-01
-1.777600155503675783e+00
-1.894908045807709662e+00
-2.436930872538502157e+00
-2.661329262616553670e+00
7.076621029512113470e-01
-8.815181428281415599e-01
-3.673353948044897788e+00
7.799894732078439530e-01
1.368491371322156702e+00
-1.288259205849062727e+00
5.969628643306763571e-01
-3.760210327062302182e-02
-7.623147938936113421e-01
1.497477135378738389e+00
-2.438947281606418382e-01
-2.051585814589445000e+00
-8.505444081003296075e-01
-4.606836011814396947e-02
1.021925620551375757e-01
-2.069115403990887447e+00
-1.862593722840069965e+00
1.761836944802328109e+00
3.004348168250394191e-01
-5.610523553693707033e-01
2.022941203004839927e+00
4.990545779453408604e-01
1.584196242193768978e+00
4.259926902035673812e+00
4.113264735329228428e-01
1.210713461953527859e-01
3.572372751252266276e+00
1.762708214181663458e+00
3.659146623540832088e-02
2.153623074108668156e-02
5.097549142650925624e-02
9.763805080820328053e-01
-3.701505353278379817e-01
-9.660765149949462893e-01
-9.217222092580390491e-02
-7.935973485509636438e-01
1.301131695689008438e+00
1.409607537294760959e+00
-2.210396230833889142e+00
9.731587229423531715e-01
3.344251875991933520e+00
-7.432147768680896771e-01
-2.211255170422624095e-01
9.562123170239524850e-01
-8.273022340146087839e-01
2.658683986938089605e-01
-6.442940282518578865e-01
-2.934443400645202260e+00
-1.721918173090258852e+00
-1.030939599773299520e+00
-1.324787284082711958e+00
-2.721963056269725900e+00
-3.240670823220198393e+00
4.280236738154143405e-01
8.360179343793083806e-02
-2.603512760946162352e+00
3.254271151121345129e-01
5.846044134363970191e-01
-5.518600830690925108e-01
2.140251584009972508e+00
-4.510836771764445419e-02
-1.903034110179574689e+00
1.877372510319454069e+00
1.046175035907834783e+00
-1.730104150497332682e+00
-1.040604054471622852e+00
-3.644962538420355447e-01
4.591585746324204353e-01
-4.457444597457324020e-01
-1.369965391750708639e+00
6.696802147768219360e-01
5.941127451707312046e-01
1.118952298633922426e+00
2.653550570280482024e+00
-2.184515360868518052e-01
1.142918641829607340e+00
