7.436250628626788206e-01
-1.896225211798193561e-02
-7.621037823197231997e-01
-7.237080753840909875e-01
5.685008088104950147e-02
7.791084934976647558e-01
7.023913419397730395e-01
-9.462795416058648879e-02
-7.946063070635260850e-01
-6.797160918771042448e-01
1.322228046142245594e-01
8.085672482211788692e-01
6.557261820920851081e-01
-1.695619188896570761e-01
-8.209643146865133190e-01
-6.304680122043722079e-01
2.065730782617505035e-01
8.317735289133875165e-01
6.039904348143502189e-01
-2.431846983130055151e-01
-8.409739844693289168e-01
-5.763446610158214911e-01
2.793259673871620885e-01
8.485478864713120739e-01
5.475841613470624480e-01
-3.149269835481998681e-01
-8.544805860033812817e-01
-5.177645623718096779e-01
3.499188897798131137e-01
8.587606084495713610e-01
4.869435390902231431e-01
-3.842340071638732368e-01
-8.613796756873132177e-01
-4.551807033879032294e-01
4.178059657803068205e-01
8.623327220984040586e-01
4.225374887387166600e-01
-4.505698330751882752e-01
-8.616179043665758153e-01
-3.890770313844379436e-01
4.824622394487641519e-01
8.592366050427081570e-01
3.548640482209738933e-01
-5.134215008205746944e-01
-8.551934298707947191e-01
-3.199647116274746406e-01
5.433877379344828062e-01
8.494961988798346297e-01
2.844465214803035269e-01
-5.723029921730137248e-01
-8.421559312588704493e-01
-2.483781745994232959e-01
6.001113376568772972e-01
8.331868240444449958e-01
2.118294318798174258e-01
-6.267589894129119710e-01
-8.226062246616631102e-01
-1.748709833647585365e-01
6.521944074012813175e-01
8.104345973720248342e-01
1.375743115220770807e-01
-6.763683962006052930e-01
-7.966954836928515915e-01
-1.000115529876879211e-01
6.992342001583773392e-01
7.814154568649328558e-01
6.225535904392399261e-02
-7.207475938224716661e-01
-7.646240704563855850e-01
-2.437875510250770567e-02
7.408669674789374326e-01
7.463538012022247203e-01
-1.354500053620882362e-02
-7.595534076306598159e-01
-7.266399861900858514e-01
5.144255837431865874e-02
7.767707722611187915e-01
7.055207545136762404e-01
-8.924061958388380955e-02
-7.924857607377828739e-01
-6.830369535261525682e-01
1.268660777764566150e-01
8.066679782198628024e-01
6.592320698360070175e-01
-1.642461604003374043e-01
-8.192899944459357542e-01
-6.341521451982486957e-01
2.013085694922695790e-01
8.303273967876327877e-01
6.078456874636625207e-01
-2.379816215110971689e-01
-8.397588374668574218e-01
-5.803635767582723259e-01
2.741943859831224573e-01
8.475660748451794291e-01
5.517589670745661756e-01
-3.098768226908616419e-01
-8.537340087055376170e-01
-5.220871834646771958e-01
3.449599171400464792e-01
8.582507094580466012e-01
4.914056150345396667e-01
-3.793758140426142234e-01
-8.611074412133722378e-01
-4.597736039458530377e-01
4.130579485577556831e-01
8.622986786790858282e-01
4.272523306405764942e-01
-4.459411750369574046e-01
-8.618221178463002508e-01
-3.939046955100046210e-01
4.779618930241993913e-01
8.596786804459264353e-01
3.597951972371298823e-01
-5.090581702675983644e-01
-8.558725121659231938e-01
-3.249898080478044737e-01
5.391698625044312188e-01
8.504109746329963082e-01
2.895558461118157845e-01
-5.682387297880170385e-01
-8.433046311742502521e-01
-2.535618453408082784e-01
5.962085491313532382e-01
8.345672263863366247e-01
2.170774228346178669e-01
-6.230252232497479614e-01
-8.242156595515933715e-01
-1.801731442328563249e-01
6.486368851920090162e-01
8.122699519526513923e-01
1.429203872316771873e-01
-6.729939986579696054e-01
-7.987532081486485858e-01
-1.053912035299124361e-01
6.960494538080503890e-01
7.836915712879622964e-01
6.765817947184304959e-02
-7.177586583799698827e-01
-7.671141725439980519e-01
-2.979429565553242190e-02
7.380796239358987654e-01
7.490530747716727111e-01
-8.127214221014573622e-03
-7.569730470736211192e-01
-7.295432104936239170e-01
4.603300500346389768e-02
7.744023854445296617e-01
7.086223143362322396e-01
-8.384976194033655350e-02
-7.903339284311458046e-01
-6.863308500458239481e-01
1.215043424831691449e-01
8.047368623479974614e-01
6.627119322265898615e-01
-1.589239177538320780e-01
-8.175833300392255643e-01
-6.378112429512732273e-01
1.960361134051665233e-01
8.288484847579975501e-01
6.116769434060193023e-01
-2.327691496022584461e-01
-8.385105382233799531e-01
-5.843595807404657894e-01
2.690519798542085894e-01
8.465508027616758246e-01
5.559119903028149068e-01
-3.048144284271606663e-01
-8.529537274508542932e-01
-5.263891934494904223e-01
3.399873260734115887e-01
8.577069281980725934e-01
4.958482911265957860e-01
-3.745026438138397973e-01
-8.608012116921035517e-01
-4.643483534291619197e-01
4.082936245146800425e-01
8.622305931844248539e-01
4.319503053519850866e-01
-4.412949120047201523e-01
-8.619923080644881219e-01
-3.987168089526709758e-01
4.734426774825202244e-01
8.600868172068476536e-01
3.647121421549613940e-01
-5.046747429697218124e-01
-8.565178060797598025e-01
-3.300020744269843154e-01
5.349307015714387381e-01
8.512921776170183641e-01
2.946537395743341614e-01
-5.641520343109441837e-01
-8.444200388667587598e-01
-2.587355058946773645e-01
5.922822233131732617e-01
8.359146814431293038e-01
2.223168439444667688e-01
-6.192668611175431437e-01
-8.257925558185659209e-01
-1.854681921737376671e-01
6.450537559091494844e-01
8.140732395064057547e-01
1.482608206891082581e-01
-6.695930324645864573e-01
-8.007793991954674784e-01
-1.107666934078923859e-01
6.928372286171075034e-01
7.859367469096520953e-01
7.305832887064928061e-02
-7.147413870546145409e-01
-7.695739902775884378e-01
-3.520865998078065440e-02
7.352631422730764310e-01
7.517227770083065863e-01
-2.709107057306643900e-03
-7.543628025168349627e-01
-7.324176336803960297e-01
4.062163432839271948e-02
7.720034265477522251e-01
7.116958989631602117e-01
-7.845559405174951095e-02
-7.881508950943022507e-01
-6.895976513987223111e-01
1.161378104064770544e-01
8.027739768427412104e-01
6.661656318848411251e-01
-1.535954010631750966e-01
-8.158443888425724877e-01
-6.414451610085335487e-01
1.907559181479618338e-01
8.273368512094034788e-01
6.154840513900178278e-01
-2.275474883659816816e-01
-8.372291360196134624e-01
-5.883325152069683872e-01
2.638989520138208533e-01
8.455021103020062823e-01
5.600430670775602415e-01
-2.997400006117397764e-01
-8.521397730435035234e-01
-5.306704224902789591e-01
3.350013128892948555e-01
8.571292861372027394e-01
5.002713919771464290e-01
-3.696146888618945803e-01
-8.604609992129288454e-01
-4.689047712346001706e-01
4.035131817384300934e-01
8.621284683023208162e-01
4.366312274050088149e-01
-4.366312274049643505e-01
-8.621284683023209272e-01
-4.035131817384323138e-01
4.689047712345568719e-01
8.604609992129289564e-01
3.696146888619411541e-01
-5.002713919771444306e-01
-8.571292861372085126e-01
-3.350013128893423175e-01
5.306704224902768496e-01
8.521397730435078532e-01
2.997400006117421634e-01
-5.600430670775397024e-01
-8.455021103020116113e-01
-2.638989520138466105e-01
5.883325152069843744e-01
8.372291360196257859e-01
2.275474883660077718e-01
-6.154840513900161625e-01
-8.273368512094109173e-01
-1.907559181480121269e-01
6.414451610085155631e-01
8.158443888425811474e-01
1.535954010632016864e-01
-6.661656318848548919e-01
-8.027739768427600842e-01
-1.161378104065038386e-01
6.895976513987208678e-01
7.881508950943032499e-01
7.845559405180083101e-02
-7.116958989631588794e-01
-7.720034265477642155e-01
-4.062163432841973260e-02
7.324176336803819298e-01
7.543628025168599427e-01
2.709107057333681734e-03
-7.517227770083054761e-01
-7.352631422730776523e-01
3.520865998072914699e-02
7.695739902775873276e-01
7.147413870546297510e-01
-7.305832887064676873e-02
-7.859367469096409931e-01
-6.928372286171236016e-01
1.107666934078655741e-01
8.007793991954664792e-01
6.695930324646189868e-01
-1.482608206890574931e-01
-8.140732395064050886e-01
-6.450537559091511497e-01
1.854681921737351691e-01
8.257925558185580384e-01
6.192668611175449200e-01
-2.223168439444406230e-01
-8.359146814431347439e-01
-5.922822233131929126e-01
2.587355058946515518e-01
8.444200388667583157e-01
5.641520343109460711e-01
-2.946537395742857002e-01
-8.512921776170140342e-01
-5.349307015714406255e-01
3.300020744269593354e-01
8.565178060797623560e-01
5.046747429697437948e-01
-3.647121421549369136e-01
-8.600868172068473205e-01
-4.734426774825019613e-01
3.987168089526252901e-01
8.619923080644881219e-01
4.412949120047223173e-01
-4.319503053519829772e-01
-8.622305931844252980e-01
-4.082936245147038568e-01
4.643483534291391601e-01
8.608012116921036627e-01
3.745026438138199798e-01
-4.958482911265537085e-01
-8.577069281980728155e-01
-3.399873260734139202e-01
5.263891934494885350e-01
8.529537274508581790e-01
3.048144284271629978e-01
-5.559119903027942566e-01
-8.465508027616714948e-01
-2.690519798542342911e-01
5.843595807404278197e-01
8.385105382233805082e-01
2.327691496022608886e-01
-6.116769434060176369e-01
-8.288484847580050996e-01
-1.960361134051689658e-01
6.378112429512550197e-01
8.175833300392186809e-01
1.589239177538586401e-01
-6.627119322265726531e-01
-8.047368623479985716e-01
-1.215043424831473845e-01
6.863308500457928618e-01
7.903339284311762247e-01
8.384976194033906538e-02
-7.086223143362170296e-01
-7.744023854445414301e-01
-4.603300500349088997e-02
7.295432104936094841e-01
7.569730470736456551e-01
8.127214220992594676e-03
-7.490530747716471760e-01
-7.380796239359126432e-01
2.979429565552988921e-02
7.671141725439970527e-01
7.177586583799985265e-01
-6.765817947181609893e-02
-7.836915712879509721e-01
-6.960494538080662652e-01
1.053912035299342520e-01
7.987532081486291569e-01
6.729939986579864808e-01
-1.429203872316746893e-01
-8.122699519526506151e-01
-6.486368851920428780e-01
1.801731442328538546e-01
8.242156595515853779e-01
6.230252232497496268e-01
-2.170774228345916657e-01
-8.345672263863236351e-01
-5.962085491313727781e-01
2.535618453408058914e-01
8.433046311742498080e-01
5.682387297880557853e-01
-2.895558461118134530e-01
-8.504109746329938657e-01
-5.391698625044523130e-01
3.249898080477794937e-01
8.558725121659198631e-01
5.090581702676300058e-01
-3.597951972371387086e-01
-8.596786804459232156e-01
-4.779618930242423014e-01
3.939046955100024006e-01
8.618221178463001397e-01
4.459411750369700611e-01
-4.272523306405636712e-01
-8.622986786790861613e-01
-4.130579485577901000e-01
4.597736039458611979e-01
8.611074412133742362e-01
3.793758140426605752e-01
-4.914056150345376683e-01
-8.582507094580468232e-01
-3.449599171400937192e-01
5.220871834646654275e-01
8.537340087055396154e-01
3.098768226908755197e-01
-5.517589670745831620e-01
-8.475660748451844251e-01
-2.741943859831480479e-01
5.803635767582795424e-01
8.397588374668579769e-01
2.379816215111467403e-01
-6.078456874636520846e-01
-8.303273967876366735e-01
-2.013085694922839286e-01
6.341521451982303770e-01
8.192899944459441919e-01
1.642461604003639664e-01
-6.592320698360132347e-01
-8.066679782198593607e-01
-1.268660777764955006e-01
6.830369535261509029e-01
7.924857607377837621e-01
8.924061958389850613e-02
-7.055207545136608083e-01
-7.767707722611305599e-01
-5.144255837434564410e-02
7.266399861900910695e-01
7.595534076306784677e-01
1.354500053624810990e-02
-7.463538012022297163e-01
-7.408669674789386539e-01
2.437875510250517991e-02
7.646240704563844748e-01
7.207475938224797707e-01
-6.225535904390924746e-02
-7.814154568649420707e-01
-6.992342001584003208e-01
1.000115529876488968e-01
7.966954836928553663e-01
6.763683962006068473e-01
-1.375743115220262047e-01
-8.104345973720219476e-01
-6.521944074012869796e-01
1.748709833647440759e-01
8.226062246616715479e-01
6.267589894129305117e-01
-2.118294318797852571e-01
-8.331868240444475493e-01
-6.001113376568701918e-01
2.483781745993798584e-01
8.421559312588711155e-01
5.723029921730201641e-01
-2.844465214802895936e-01
-8.494961988798320762e-01
-5.433877379344991265e-01
3.199647116274494940e-01
8.551934298707973836e-01
5.134215008205619268e-01
-3.548640482209324820e-01
-8.592366050427086011e-01
-4.824622394487662613e-01
3.890770313844302275e-01
8.616179043665734838e-01
4.505698330752009317e-01
-4.225374887387037814e-01
-8.623327220984040586e-01
-4.178059657803358529e-01
4.551807033878750852e-01
8.613796756873149940e-01
3.842340071638700727e-01
-4.869435390902210337e-01
-8.587606084495762460e-01
-3.499188897798209963e-01
5.177645623717953560e-01
8.544805860033840572e-01
3.149269835482221280e-01
-5.475841613470391334e-01
-8.485478864713185132e-01
-2.793259673871528737e-01
5.763446610157899608e-01
8.409739844693404631e-01
2.431846983130108719e-01
-6.039904348143440016e-01
-8.317735289133785237e-01
-2.065730782618184214e-01
6.304680122043893054e-01
8.209643146865074348e-01
1.695619188896430318e-01
-6.557261820920913253e-01
-8.085672482211769818e-01
-1.322228046142255309e-01
6.797160918771008031e-01
7.946063070635300818e-01
9.462795416060119924e-02
-7.023913419397612712e-01
-7.791084934976753029e-01
-5.685008088107953994e-02
7.237080753840722247e-01
7.621037823197416294e-01
1.896225211802619534e-02
-7.436250628627035786e-01
-7.436250628626565051e-01
1.896225211802113689e-02
7.621037823196933347e-01
7.237080753841282910e-01
-5.685008088097667778e-02
-7.791084934976731935e-01
-7.023913419397643798e-01
9.462795416059614773e-02
7.946063070635280834e-01
6.797160918771040228e-01
-1.322228046142205071e-01
-8.085672482211752055e-01
-6.557261820920947670e-01
1.695619188896380913e-01
8.209643146865059915e-01
6.304680122043926360e-01
-2.065730782617183348e-01
-8.317735289134029486e-01
-6.039904348143125823e-01
2.431846983129590245e-01
8.409739844693175925e-01
5.763446610158665662e-01
-2.793259673871016924e-01
-8.485478864713001945e-01
-5.475841613470431302e-01
3.149269835482174651e-01
8.544805860033833911e-01
5.177645623717993528e-01
-3.499188897797267939e-01
-8.587606084495624792e-01
-4.869435390902251970e-01
3.842340071638655208e-01
8.613796756873123295e-01
4.551807033879210485e-01
-4.178059657802885574e-01
-8.623327220984040586e-01
-4.225374887386654787e-01
4.505698330751547465e-01
8.616179043665775916e-01
3.890770313844784112e-01
-4.824622394487214083e-01
-8.592366050427129309e-01
-3.548640482209370894e-01
5.134215008205972319e-01
8.551934298707918325e-01
3.199647116275451952e-01
-5.433877379344189684e-01
-8.494961988798497288e-01
-2.844465214802943120e-01
5.723029921730165004e-01
8.421559312588723367e-01
2.483781745994316503e-01
-6.001113376568666391e-01
-8.331868240444487705e-01
-2.118294318798376874e-01
6.267589894128935413e-01
8.226062246616731022e-01
1.748709833647970058e-01
-6.521944074012516745e-01
-8.104345973720403773e-01
-1.375743115220312007e-01
6.763683962006341588e-01
7.966954836928386019e-01
1.000115529877512871e-01
-6.992342001583400357e-01
-7.814154568649649413e-01
-6.225535904391429204e-02
7.207475938224769951e-01
7.646240704563866952e-01
2.437875510251023489e-02
-7.408669674789361004e-01
-7.463538012022812307e-01
1.354500053619404031e-02
7.595534076306529325e-01
7.266399861900938451e-01
-5.144255837429166645e-02
-7.767707722611070231e-01
-7.055207545136918945e-01
8.924061958394223504e-02
7.924857607378011926e-01
6.830369535261839875e-01
-1.268660777763935266e-01
-8.066679782198402648e-01
-6.592320698360482067e-01
1.642461604003589704e-01
8.192899944459426376e-01
6.341521451982339297e-01
-2.013085694922790159e-01
-8.303273967876353412e-01
-6.078456874637252483e-01
2.379816215110947264e-01
8.397588374668567557e-01
5.803635767582833171e-01
-2.741943859830968111e-01
-8.475660748451744331e-01
-5.517589670745869368e-01
3.098768226909165424e-01
8.537340087055321769e-01
5.220871834647082821e-01
-3.449599171399992947e-01
-8.582507094580416052e-01
-4.914056150345820773e-01
3.793758140426560233e-01
8.611074412133741252e-01
4.597736039458240609e-01
-4.130579485577857146e-01
-8.622986786790851621e-01
-4.272523306406531551e-01
4.459411750369656757e-01
8.618221178463003618e-01
3.939046955100068970e-01
-4.779618930241972263e-01
-8.596786804459275455e-01
-3.597951972371433160e-01
5.090581702676655329e-01
8.558725121659264135e-01
3.249898080478295093e-01
-5.391698625044102355e-01
-8.504109746330028585e-01
-2.895558461118643567e-01
5.682387297880520105e-01
8.433046311742405932e-01
2.535618453407638140e-01
-5.962085491312982821e-01
-8.345672263863496143e-01
-2.170774228346914747e-01
6.230252232497461851e-01
8.242156595515868212e-01
1.801731442328588506e-01
-6.486368851920073508e-01
-8.122699519526522804e-01
-1.429203872316796853e-01
6.729939986578913347e-01
7.987532081486494739e-01
1.053912035299392619e-01
-6.960494538080345128e-01
-7.836915712879735096e-01
-6.765817947187001413e-02
7.177586583799956399e-01
7.671141725439768466e-01
2.979429565558393625e-02
-7.380796239358593525e-01
-7.490530747716982463e-01
8.127214220938519876e-03
7.569730470735963612e-01
7.295432104936121487e-01
-4.603300500348583846e-02
-7.744023854445392097e-01
-7.086223143362198051e-01
8.384976194023646690e-02
7.903339284311153845e-01
6.863308500458256134e-01
-1.215043424831423746e-01
-8.047368623479966843e-01
-6.627119322266072921e-01
1.589239177538054881e-01
8.175833300392170155e-01
6.378112429512254877e-01
-1.960361134051163134e-01
-8.288484847579901116e-01
-6.116769434060557176e-01
2.327691496022088191e-01
8.385105382233679627e-01
5.843595807404315945e-01
-2.690519798542294616e-01
-8.465508027616799325e-01
-5.559119903028730825e-01
3.048144284270665194e-01
8.529537274508430800e-01
5.263891934494924207e-01
-3.399873260734093128e-01
-8.577069281980723714e-01
-4.958482911265978954e-01
3.745026438138153724e-01
8.608012116921034407e-01
4.643483534291847348e-01
-4.082936245146562282e-01
-8.622305931844245208e-01
-4.319503053520297176e-01
4.412949120046757989e-01
8.619923080644896762e-01
3.987168089526297865e-01
-4.734426774825385986e-01
-8.600868172068443229e-01
-3.647121421550302833e-01
5.046747429696600840e-01
8.565178060797687953e-01
3.300020744269639428e-01
-5.349307015714367397e-01
-8.512921776170147004e-01
-2.946537395743365484e-01
5.641520343109422964e-01
8.444200388667791879e-01
2.587355058947031772e-01
-5.922822233131537217e-01
-8.359146814431359651e-01
-2.223168439444928590e-01
6.192668611175071725e-01
8.257925558185736925e-01
1.854681921736922312e-01
-6.450537559091802375e-01
-8.140732395064228522e-01
-1.482608206891590508e-01
6.695930324645539278e-01
8.007793991954865742e-01
1.107666934078705701e-01
-6.928372286171204930e-01
-7.859367469096429915e-01
-7.305832887065180636e-02
7.147413870546268644e-01
7.695739902776338459e-01
3.520865998078318015e-02
-7.352631422730750987e-01
-7.517227770083078076e-01
2.709107057279605633e-03
7.543628025168337414e-01
7.324176336804103515e-01
-4.062163432846363498e-02
-7.720034265477401236e-01
-7.116958989631894106e-01
7.845559405169816314e-02
7.881508950942813785e-01
6.895976513987532863e-01
-1.161378104064988426e-01
-8.027739768427581968e-01
-6.661656318848271363e-01
1.535954010631967459e-01
8.158443888425478407e-01
6.414451610085843969e-01
-1.907559181479593913e-01
-8.273368512094095850e-01
-6.154840513900196042e-01
2.275474883659555914e-01
8.372291360196129073e-01
5.883325152069880382e-01
-2.638989520138884659e-01
-8.455021103020009532e-01
-5.600430670775807807e-01
2.997400006116914262e-01
8.521397730434994156e-01
5.306704224903194822e-01
-3.350013128893377101e-01
-8.571292861372079575e-01
-5.002713919771086815e-01
3.696146888618480064e-01
8.604609992129222951e-01
4.689047712346434138e-01
-4.035131817384278730e-01
-8.621284683023208162e-01
-4.366312274049686248e-01
4.366312274049621855e-01
8.621284683023209272e-01
4.035131817384345898e-01
-4.689047712344724395e-01
-8.604609992129291784e-01
-3.696146888619434301e-01
5.002713919771024642e-01
8.571292861372087346e-01
3.350013128893447045e-01
-5.306704224902363265e-01
-8.521397730435006368e-01
-2.997400006116985316e-01
5.600430670775005115e-01
8.455021103020216033e-01
2.638989520138956824e-01
-5.883325152069108777e-01
-8.372291360196146837e-01
-2.275474883659629188e-01
6.154840513900142751e-01
8.273368512094118055e-01
1.907559181480623922e-01
-6.414451610084483946e-01
-8.158443888425819246e-01
-1.535954010632042122e-01
6.661656318848222513e-01
8.027739768427609723e-01
1.161378104065063505e-01
-6.895976513986897816e-01
-7.881508950942843761e-01
-7.845559405180335677e-02
7.116958989631297916e-01
7.720034265477873081e-01
4.062163432847121919e-02
-7.324176336803546183e-01
-7.543628025168374052e-01
-2.709107057287193313e-03
7.517227770083042548e-01
7.352631422730789845e-01
-3.520865998067764652e-02
-7.695739902775419194e-01
-7.147413870546310832e-01
7.305832887064424297e-02
7.859367469096398828e-01
6.928372286171250449e-01
-1.107666934078630622e-01
-8.007793991954473833e-01
-6.695930324646205412e-01
1.482608206890549951e-01
8.140732395063879911e-01
6.450537559091853446e-01
-1.854681921736848205e-01
-8.257925558185431614e-01
-6.192668611175125015e-01
2.223168439444855315e-01
8.359146814431340777e-01
5.922822233132304381e-01
-2.587355058946024244e-01
-8.444200388667378876e-01
-5.641520343109479585e-01
2.946537395743293875e-01
8.512921776170134791e-01
5.349307015714426239e-01
-3.300020744269570039e-01
-8.565178060797564719e-01
-5.046747429697457932e-01
3.647121421549345821e-01
8.600868172068436568e-01
4.734426774825450379e-01
-3.987168089526230141e-01
-8.619923080644866786e-01
-4.412949120046822937e-01
4.319503053520232227e-01
8.622305931844261861e-01
4.082936245147492649e-01
-4.643483534290956949e-01
-8.608012116921097689e-01
-3.745026438138222558e-01
4.958482911265916782e-01
8.577069281980731486e-01
3.399873260734162517e-01
-5.263891934494865366e-01
-8.529537274508730560e-01
-3.048144284271653293e-01
5.559119903027923693e-01
8.465508027616814868e-01
2.690519798542366781e-01
-5.843595807404260434e-01
-8.385105382233926097e-01
-2.327691496022161466e-01
6.116769434060503885e-01
8.288484847580194215e-01
1.960361134052191756e-01
-6.378112429512202697e-01
-8.175833300392506553e-01
-1.589239177538129266e-01
6.627119322266025181e-01
8.047368623479993488e-01
1.215043424831498825e-01
-6.863308500457616645e-01
-7.903339284311968749e-01
-8.384976194034159114e-02
7.086223143362155863e-01
7.744023854445426513e-01
4.603300500349341573e-02
-7.295432104936081519e-01
-7.569730470736468764e-01
-8.127214220946107556e-03
7.490530747716459548e-01
7.380796239359139754e-01
-2.979429565547837833e-02
-7.671141725439734049e-01
-7.177586583799998587e-01
6.765817947186243686e-02
7.836915712879702900e-01
6.960494538080388427e-01
-1.053912035299317401e-01
-7.987532081486097280e-01
-6.729939986580186773e-01
1.429203872315755186e-01
8.122699519526498380e-01
6.486368851920122358e-01
-1.801731442328514121e-01
-8.242156595515847117e-01
-6.230252232497514031e-01
2.170774228344943269e-01
8.345672263863230800e-01
5.962085491313745544e-01
-2.535618453407565975e-01
-8.433046311742390388e-01
-5.682387297880576726e-01
2.895558461117648807e-01
8.504109746330015263e-01
5.391698625044161197e-01
-3.249898080477316431e-01
-8.558725121659135349e-01
-5.090581702676716391e-01
3.597951972370472262e-01
8.596786804459268794e-01
4.779618930242036101e-01
-3.939046955100001801e-01
-8.618221178463001397e-01
-4.459411750370561034e-01
4.272523306404762966e-01
8.622986786790861613e-01
4.130579485577923760e-01
-4.597736039458176216e-01
-8.611074412133745692e-01
-3.793758140426627401e-01
4.914056150344952578e-01
8.582507094580422713e-01
3.449599171400960507e-01
-5.220871834646243492e-01
-8.537340087055468318e-01
-3.098768226909235923e-01
5.517589670745057795e-01
8.475660748451759874e-01
2.741943859831040275e-01
-5.803635767582776550e-01
-8.397588374668585320e-01
-2.379816215111962840e-01
6.078456874635806972e-01
8.303273967876373396e-01
2.013085694922863988e-01
-6.341521451982287116e-01
-8.192899944459448580e-01
-1.642461604003664366e-01
6.592320698359800391e-01
8.066679782198775683e-01
1.268660777764979986e-01
-6.830369535261194835e-01
-7.924857607378041902e-01
-8.924061958394978455e-02
7.055207545136311653e-01
7.767707722611103538e-01
5.144255837429924372e-02
-7.266399861900897372e-01
-7.595534076307027815e-01
-1.354500053629965374e-02
7.463538012021793122e-01
7.408669674789399862e-01
-2.437875510250265068e-02
-7.646240704563832535e-01
-7.207475938224811030e-01
6.225535904390672171e-02
7.814154568649201993e-01
6.992342001584018751e-01
-1.000115529876463710e-01
-7.966954836928357153e-01
-6.763683962006388217e-01
1.375743115220237067e-01
8.104345973720044061e-01
6.521944074012565595e-01
-1.748709833647895950e-01
-8.226062246616413498e-01
-6.267589894129660388e-01
2.118294318797352971e-01
8.331868240444215701e-01
6.001113376568720792e-01
-2.483781745994243506e-01
-8.421559312588706714e-01
-5.723029921730221625e-01
2.844465214802872066e-01
8.494961988798147567e-01
5.433877379345010139e-01
-3.199647116274471070e-01
-8.551934298707908333e-01
-5.134215008206034492e-01
3.548640482209302061e-01
8.592366050427041602e-01
4.824622394487276811e-01
-3.890770313844717498e-01
-8.616179043665733728e-01
-4.505698330752448966e-01
4.225374887386588729e-01
8.623327220984040586e-01
4.178059657803809279e-01
-4.551807033879145536e-01
-8.613796756873174365e-01
-3.842340071638722931e-01
4.869435390901380445e-01
8.587606084495720271e-01
3.499188897799129228e-01
-5.177645623717933576e-01
-8.544805860033976019e-01
-3.149269835482245705e-01
5.475841613471128522e-01
8.485478864713190683e-01
2.793259673871089088e-01
-5.763446610157880734e-01
-8.409739844693626676e-01
-2.431846983130603601e-01
6.039904348143771973e-01
8.317735289134049470e-01
2.065730782617256900e-01
-6.304680122043206936e-01
-8.209643146865082119e-01
-1.695619188895494123e-01
6.557261820920897710e-01
8.085672482212118428e-01
1.322228046142280289e-01
-6.797160918770389637e-01
-7.946063070636073533e-01
-9.462795416070114707e-02
7.023913419397599389e-01
7.791084934976343357e-01
5.685008088108206570e-02
-7.237080753841239611e-01
-7.621037823197427397e-01
-1.896225211793070922e-02
7.436250628626527304e-01
