9.988062531806078947e-01
9.940369660289334330e-01
9.845211650110570201e-01
9.703042879557743916e-01
9.514542202701511409e-01
9.280609707875671077e-01
9.002362419766820611e-01
8.681128965635693806e-01
8.318443231138888949e-01
7.916037036044378805e-01
7.475831864814143080e-01
6.999929691540321963e-01
6.490602943045653550e-01
5.950283648074317089e-01
5.381551824385614191e-01
4.787123159201995271e-01
4.169836041837123308e-01
3.532638010423013730e-01
2.878571677452942956e-01
2.210760201345523257e-01
1.532392373402964858e-01
8.467073913731913704e-02
1.569793923218058482e-02
-5.334981813307537041e-02
-1.221428307954865317e-01
-1.903526129948051315e-01
-2.576534638888252071e-01
-3.237240227707597895e-01
-3.882488035625266121e-01
-4.509197012567586760e-01
-5.114374631142929450e-01
-5.695131175921942512e-01
-6.248693541791958683e-01
-6.772418475498609425e-01
-7.263805197146508963e-01
-7.720507341391437128e-01
-8.140344161304994275e-01
-8.521310941413442475e-01
-8.861588570188601022e-01
-9.159552226282227094e-01
-9.413779137027306065e-01
-9.623055372159419196e-01
-9.786381640318314590e-01
-9.902978060651442815e-01
-9.972287886735111684e-01
-9.993980165031556284e-01
-9.967951315187892902e-01
-9.894325624630974092e-01
-9.773454655096509569e-01
-9.605915563926251677e-01
-9.392508348149029018e-01
-9.134252024505118417e-01
-8.832379763654264471e-01
-8.488333001801472433e-01
-8.103754557857475449e-01
-7.680480788999328734e-01
-7.220532822088240321e-01
-6.726106902814552591e-01
-6.199563908652490074e-01
-5.643418075700252778e-01
-5.060324993234661672e-01
-4.453068923306101601e-01
-3.824549505922703596e-01
-3.177767913306165370e-01
-2.515812519332576436e-01
-1.841844152586482319e-01
-1.159081003444567964e-01
-4.707832572575476604e-02
2.197624729933608106e-02
9.092588402316430229e-02
1.594413508075819830e-01
2.271954871703781298e-01
2.938647679724181727e-01
3.591308482460707774e-01
4.226820832883727008e-01
4.842150167605245858e-01
5.434358296880464900e-01
6.000617434426432917e-01
6.538223700065565192e-01
7.044610030719119509e-01
7.517358438100691931e-01
7.954211554579553312e-01
8.353083412082357162e-01
8.712069402564154297e-01
9.029455372487583675e-01
9.303725807884183352e-01
9.533571070914325096e-01
9.717893653371237894e-01
9.855813417268720622e-01
9.946671797488843003e-01
9.990034946421996187e-01
9.985695805583707507e-01
9.933675094316277709e-01
9.834221210854174888e-01
9.687809046225636100e-01
9.495137716654042936e-01
9.257127225286840844e-01
8.974914069192239108e-01
8.649845812600140960e-01
8.283474652300113483e-01
7.877550005921446497e-01
7.434010158486251685e-01
6.954973007123105289e-01
6.442725948135242797e-01
5.899714954712297343e-01
5.328532897439431926e-01
4.731907163373287317e-01
4.112686632803498887e-01
3.473828075885516675e-01
2.818382034100787026e-01
2.149478253959951901e-01
1.470310742503088131e-01
7.841225159567279113e-02
9.419011437264274839e-03
-5.961920438092514762e-02
-1.283727392566980374e-01
-1.965132959357359932e-01
-2.637155041268106070e-01
-3.296584741407888042e-01
-3.940273291348067031e-01
-4.565147086451991076e-01
-5.168222362297979489e-01
-5.746619442116432941e-01
-6.297576487209861629e-01
-6.818462684697480514e-01
-7.306790809613210591e-01
-7.760229101373333771e-01
-8.176612397903516571e-01
-8.553952474260267946e-01
-8.890447536379659788e-01
-9.184490824621108773e-01
-9.434678286024229532e-01
-9.639815278643802943e-01
-9.798922275949929483e-01
-9.911239544054694095e-01
-9.976230769431851941e-01
-9.993585619807076048e-01
-9.963221225990618324e-01
-9.885282577576641749e-01
-9.760141830619757375e-01
-9.588396530594583966e-01
-9.370866759123717138e-01
-9.108591218098426312e-01
-8.802822269890309137e-01
-8.455019957336944447e-01
-8.066845032055857123e-01
-7.640151024376751199e-01
-7.176975392757688477e-01
-6.679529794946910126e-01
-6.150189527345258922e-01
-5.591482182996000416e-01
-5.006075582360307585e-01
-4.396765034508391956e-01
-3.766459989554308274e-01
-3.118170146068718895e-01
-2.454991079806400078e-01
-1.780089462371525211e-01
-1.096687940400908334e-01
-4.080497474674530528e-02
2.825368778187666713e-02
9.717743931079808606e-02
1.656371698033438644e-01
2.333059849173910461e-01
2.998607669216797889e-01
3.649837175788813726e-01
4.283638756281325510e-01
4.896986016210960191e-01
5.486950230214865387e-01
6.050714326676931432e-01
6.585586339209041906e-01
7.089012260756211159e-01
7.558588238947877569e-01
7.992072054462342479e-01
8.387393827595480689e-01
8.742665901910062765e-01
9.056191857771148657e-01
9.326474612728329339e-01
9.552223570065349056e-01
9.732360781382992654e-01
9.866026093789014295e-01
9.952581257117215641e-01
9.991612971563909040e-01
9.982934861189182163e-01
9.926588363859673025e-01
9.822842533383259189e-01
9.672192754780570834e-01
9.475358378827793970e-01
9.233279287165896410e-01
8.947111404377721122e-01
8.618221178462813770e-01
8.248179056065648718e-01
7.838751983612809449e-01
7.391894970166361656e-01
6.909741752280375016e-01
6.394594605436109136e-01
5.848913350705801095e-01
5.275303609138366490e-01
4.676504359952100565e-01
4.055374861943641940e-01
3.414881000563724234e-01
2.758081125851769566e-01
2.088111448853406105e-01
1.408171066252679182e-01
7.215066847259649085e-02
3.139711795903462384e-03
-6.588623696467195423e-02
-1.345975797819736475e-01
-2.026662208682275257e-01
-2.697671333282482542e-01
-3.355799111587238759e-01
-3.997902991828169994e-01
-4.620916936146228227e-01
-5.221866060883575411e-01
-5.797880841615150604e-01
-6.346210815091251067e-01
-6.864237712664655877e-01
-7.349487962489998916e-01
-7.799644500797958679e-01
-8.212557835845188947e-01
-8.586256311710116496e-01
-8.918955522924860713e-01
-9.209066834988597350e-01
-9.455204970077168980e-01
-9.656194621726992278e-01
-9.811076066908525073e-01
-9.919109748691503636e-01
-9.979779807619859611e-01
-9.992796544934084979e-01
-9.958097805879109199e-01
-9.875849276492466577e-01
-9.746443692455573071e-01
-9.570498963785848412e-01
-9.348855224324251756e-01
-9.082570820106852238e-01
-8.772917255776001566e-01
-8.421373123161827179e-01
-8.029617041025036706e-01
-7.599519639673775195e-01
-7.133134628727583193e-01
-6.632688990680172259e-01
-6.100572347086290481e-01
-5.539325548149329759e-01
-4.951628540193749872e-01
-4.340287568955594755e-01
-3.708221779794769746e-01
-3.058449278813059613e-01
-2.394072721436019957e-01
-1.718264497272594393e-01
-1.034251581995227487e-01
-3.453001285720481289e-02
3.453001285720346675e-02
1.034251581995214303e-01
1.718264497272581071e-01
2.394072721436006357e-01
3.058449278813046845e-01
3.708221779794757533e-01
4.340287568955582542e-01
4.951628540193738215e-01
5.539325548149318656e-01
6.100572347086280489e-01
6.632688990680161156e-01
7.133134628727575421e-01
7.599519639673766314e-01
8.029617041025028934e-01
8.421373123161819407e-01
8.772917255775994905e-01
9.082570820106847798e-01
9.348855224324246205e-01
9.570498963785845081e-01
9.746443692455574181e-01
9.875849276492464357e-01
9.958097805879108089e-01
9.992796544934084979e-01
9.979779807619861831e-01
9.919109748691503636e-01
9.811076066908528404e-01
9.656194621726994498e-01
9.455204970077172311e-01
9.209066834988609562e-01
8.918955522924859602e-01
8.586256311710124267e-01
8.212557835845196719e-01
7.799644500797966451e-01
7.349487962490018900e-01
6.864237712664652546e-01
6.346210815091261059e-01
5.797880841615162817e-01
5.221866060883603167e-01
4.620916936146224341e-01
3.997902991828166108e-01
3.355799111587251526e-01
2.697671333282495310e-01
2.026662208682305788e-01
1.345975797819732311e-01
6.588623696467152402e-02
-3.139711795902116673e-03
-7.215066847259514471e-02
-1.408171066252648373e-01
-2.088111448853410546e-01
-2.758081125851756799e-01
-3.414881000563711466e-01
-4.055374861943630282e-01
-4.676504359952072809e-01
-5.275303609138369820e-01
-5.848913350705788883e-01
-6.394594605436099144e-01
-6.909741752280366134e-01
-7.391894970166341672e-01
-7.838751983612810559e-01
-8.248179056065640946e-01
-8.618221178462808219e-01
-8.947111404377706689e-01
-9.233279287165898630e-01
-9.475358378827795081e-01
-9.672192754780567503e-01
-9.822842533383255859e-01
-9.926588363859669695e-01
-9.982934861189182163e-01
-9.991612971563909040e-01
-9.952581257117217861e-01
-9.866026093789015405e-01
-9.732360781383000425e-01
-9.552223570065347946e-01
-9.326474612728333780e-01
-9.056191857771154208e-01
-8.742665901910069426e-01
-8.387393827595498452e-01
-7.992072054462341368e-01
-7.558588238947886451e-01
-7.089012260756220041e-01
-6.585586339209051898e-01
-6.050714326676955856e-01
-5.486950230214862056e-01
-4.896986016210971848e-01
-4.283638756281337723e-01
-3.649837175788842036e-01
-2.998607669216794003e-01
-2.333059849173906297e-01
-1.656371698033451689e-01
-9.717743931079943220e-02
-2.825368778187978616e-02
4.080497474674574243e-02
1.096687940400912775e-01
1.780089462371511611e-01
2.454991079806387033e-01
3.118170146068688919e-01
3.766459989554312160e-01
4.396765034508379189e-01
5.006075582360295373e-01
5.591482182995989314e-01
6.150189527345234497e-01
6.679529794946912347e-01
7.176975392757680705e-01
7.640151024376742317e-01
8.066845032055849352e-01
8.455019957336928904e-01
8.802822269890311357e-01
9.108591218098420761e-01
9.370866759123712697e-01
9.588396530594575085e-01
9.760141830619749603e-01
9.885282577576641749e-01
9.963221225990616103e-01
9.993585619807076048e-01
9.976230769431854162e-01
9.911239544054694095e-01
9.798922275949927263e-01
9.639815278643806273e-01
9.434678286024231753e-01
9.184490824621120986e-01
8.890447536379657567e-01
8.553952474260274608e-01
8.176612397903535445e-01
7.760229101373353755e-01
7.306790809613243898e-01
6.818462684697490506e-01
6.297576487209886054e-01
5.746619442116458476e-01
5.168222362298006134e-01
4.565147086452033820e-01
3.940273291348079243e-01
3.296584741407900809e-01
2.637155041268136046e-01
1.965132959357390463e-01
1.283727392567019787e-01
5.961920438092648683e-02
-9.419011437262040515e-03
-7.841225159567054293e-02
-1.470310742503057322e-01
-2.149478253959947183e-01
-2.818382034100774258e-01
-3.473828075885495581e-01
-4.112686632803470022e-01
-4.731907163373260117e-01
-5.328532897439427485e-01
-5.899714954712286241e-01
-6.442725948135225034e-01
-6.954973007123081974e-01
-7.434010158486223929e-01
-7.877550005921444276e-01
-8.283474652300105712e-01
-8.649845812600129857e-01
-8.974914069192224675e-01
-9.257127225286826411e-01
-9.495137716654038496e-01
-9.687809046225632770e-01
-9.834221210854171558e-01
-9.933675094316274379e-01
-9.985695805583706397e-01
-9.990034946421996187e-01
-9.946671797488845224e-01
-9.855813417268723953e-01
-9.717893653371243445e-01
-9.533571070914327317e-01
-9.303725807884187793e-01
-9.029455372487593667e-01
-8.712069402564169840e-01
-8.353083412082374926e-01
-7.954211554579555532e-01
-7.517358438100700813e-01
-7.044610030719136162e-01
-6.538223700065589616e-01
-6.000617434426458452e-01
-5.434358296880469341e-01
-4.842150167605258071e-01
-4.226820832883748102e-01
-3.591308482460736640e-01
-2.938647679724220030e-01
-2.271954871703786016e-01
-1.594413508075833152e-01
-9.092588402316653662e-02
-2.197624729933920357e-02
4.707832572575076230e-02
1.159081003444554780e-01
1.841844152586469274e-01
2.515812519332554786e-01
3.177767913306127068e-01
3.824549505922690829e-01
4.453068923306081617e-01
5.060324993234636137e-01
5.643418075700227243e-01
6.199563908652458988e-01
6.726106902814545929e-01
7.220532822088228109e-01
7.680480788999309860e-01
8.103754557857458796e-01
8.488333001801452449e-01
8.832379763654258920e-01
9.134252024505110645e-01
9.392508348149020136e-01
9.605915563926242795e-01
9.773454655096500687e-01
9.894325624630971872e-01
9.967951315187891792e-01
9.993980165031555174e-01
9.972287886735112794e-01
9.902978060651449477e-01
9.786381640318315700e-01
9.623055372159423637e-01
9.413779137027316057e-01
9.159552226282242637e-01
8.861588570188603242e-01
8.521310941413452467e-01
8.140344161305008708e-01
7.720507341391457112e-01
7.263805197146536718e-01
6.772418475498641621e-01
6.248693541792000872e-01
5.695131175921998024e-01
5.114374631142929450e-01
4.509197012567591756e-01
3.882488035625278333e-01
3.237240227707617324e-01
2.576534638888279827e-01
1.903526129948086287e-01
1.221428307954836728e-01
5.334981813308047743e-02
-1.569793923218190321e-02
-8.467073913731977541e-02
-1.532392373402962638e-01
-2.210760201345514098e-01
-2.878571677452928523e-01
-3.532638010422989860e-01
-4.169836041837159946e-01
-4.787123159201960299e-01
-5.381551824385634175e-01
-5.950283648074272680e-01
-6.490602943045660211e-01
-6.999929691540321963e-01
-7.475831864814138639e-01
-7.916037036044371034e-01
-8.318443231138877847e-01
-8.681128965635680483e-01
-9.002362419766836155e-01
-9.280609707875653314e-01
-9.514542202701519180e-01
-9.703042879557728373e-01
-9.845211650110570201e-01
-9.940369660289334330e-01
-9.988062531806078947e-01
-9.988062531806078947e-01
-9.940369660289337661e-01
-9.845211650110574642e-01
-9.703042879557736144e-01
-9.514542202701525841e-01
-9.280609707875664416e-01
-9.002362419766848367e-01
-8.681128965635693806e-01
-8.318443231138893390e-01
-7.916037036044386577e-01
-7.475831864814157512e-01
-6.999929691540343057e-01
-6.490602943045681306e-01
-5.950283648074294884e-01
-5.381551824385655269e-01
-4.787123159201983613e-01
-4.169836041837183815e-01
-3.532638010423015396e-01
-2.878571677452954058e-01
-2.210760201345540465e-01
-1.532392373402989005e-01
-8.467073913731540391e-02
-1.569793923218459550e-02
5.334981813307778514e-02
1.221428307954810083e-01
1.903526129948059920e-01
2.576534638888253737e-01
3.237240227707591789e-01
3.882488035625253908e-01
4.509197012567567331e-01
5.114374631142906136e-01
5.695131175921975819e-01
6.248693541791924266e-01
6.772418475498622747e-01
7.263805197146467885e-01
7.720507341391440459e-01
8.140344161304993165e-01
8.521310941413438034e-01
8.861588570188591030e-01
9.159552226282218212e-01
9.413779137027294963e-01
9.623055372159426968e-01
9.786381640318303488e-01
9.902978060651446146e-01
9.972287886735107243e-01
9.993980165031556284e-01
9.967951315187892902e-01
9.894325624630975202e-01
9.773454655096514010e-01
9.605915563926258338e-01
9.392508348149042341e-01
9.134252024505107315e-01
8.832379763654286675e-01
8.488333001801466882e-01
8.103754557857514307e-01
7.680480788999328734e-01
7.220532822088245872e-01
6.726106902814565913e-01
6.199563908652507838e-01
5.643418075700278314e-01
5.060324993234688318e-01
4.453068923306074955e-01
3.824549505922748560e-01
3.177767913306152603e-01
2.515812519332649155e-01
1.841844152586495642e-01
1.159081003444581565e-01
4.707832572575700730e-02
-2.197624729933295509e-02
-9.092588402316033325e-02
-1.594413508075771535e-01
-2.271954871703794065e-01
-2.938647679724126771e-01
-3.591308482460711660e-01
-4.226820832883723122e-01
-4.842150167605234201e-01
-5.434358296880446026e-01
-6.000617434426407382e-01
-6.538223700065541877e-01
-7.044610030719141713e-01
-7.517358438100658624e-01
-7.954211554579561083e-01
-8.353083412082321635e-01
-8.712069402564157627e-01
-9.029455372487582565e-01
-9.303725807884178911e-01
-9.533571070914319545e-01
-9.717893653371230123e-01
-9.855813417268712850e-01
-9.946671797488845224e-01
-9.990034946421995077e-01
-9.985695805583707507e-01
-9.933675094316284371e-01
-9.834221210854175999e-01
-9.687809046225639431e-01
-9.495137716654046267e-01
-9.257127225286849725e-01
-8.974914069192252430e-01
-8.649845812600160944e-01
-8.283474652300101271e-01
-7.877550005921483134e-01
-7.434010158486242803e-01
-6.954973007123151918e-01
-6.442725948135246128e-01
-5.899714954712308446e-01
-5.328532897439450799e-01
-4.731907163373315628e-01
-4.112686632803527198e-01
-3.473828075885554423e-01
-2.818382034100765932e-01
-2.149478253960008522e-01
-1.470310742503083967e-01
-7.841225159568031289e-02
-9.419011437264734540e-03
5.961920438092380148e-02
1.283727392566958170e-01
1.965132959357328846e-01
2.637155041268075539e-01
3.296584741407841967e-01
3.940273291348087015e-01
4.565147086451946667e-01
5.168222362297982819e-01
5.746619442116377430e-01
6.297576487209864959e-01
6.818462684697470522e-01
7.306790809613202820e-01
7.760229101373313787e-01
8.176612397903539886e-01
8.553952474260241301e-01
8.890447536379662008e-01
9.184490824621082128e-01
9.434678286024223981e-01
9.639815278643798502e-01
9.798922275949922822e-01
9.911239544054690764e-01
9.976230769431850831e-01
9.993585619807076048e-01
9.963221225990616103e-01
9.885282577576651741e-01
9.760141830619757375e-01
9.588396530594602840e-01
9.370866759123720469e-01
9.108591218098431863e-01
8.802822269890325790e-01
8.455019957336961101e-01
8.066845032055887099e-01
7.640151024376782285e-01
7.176975392757672934e-01
6.679529794946958976e-01
6.150189527345255591e-01
5.591482182996070360e-01
5.006075582360318688e-01
4.396765034508403613e-01
3.766459989554336585e-01
3.118170146068748316e-01
2.454991079806447540e-01
1.780089462371573228e-01
1.096687940400904032e-01
4.080497474675197356e-02
-2.825368778187709387e-02
-9.717743931078967612e-02
-1.656371698033425321e-01
-2.333059849173880207e-01
-2.998607669216768468e-01
-3.649837175788784305e-01
-4.283638756281281101e-01
-4.896986016210917447e-01
-5.486950230214868718e-01
-6.050714326676878141e-01
-6.585586339209031914e-01
-7.089012260756152317e-01
-7.558588238947868687e-01
-7.992072054462324715e-01
-8.387393827595465146e-01
-8.742665901910039450e-01
-9.056191857771157538e-01
-9.326474612728310465e-01
-9.552223570065351277e-01
-9.732360781382978221e-01
-9.866026093789010964e-01
-9.952581257117215641e-01
-9.991612971563906820e-01
-9.982934861189184383e-01
-9.926588363859676356e-01
-9.822842533383269181e-01
-9.672192754780566393e-01
-9.475358378827815065e-01
-9.233279287165895299e-01
-8.947111404377749988e-01
-8.618221178462821541e-01
-8.248179056065656489e-01
-7.838751983612828322e-01
-7.391894970166382750e-01
-6.909741752280410543e-01
-6.394594605436146884e-01
-5.848913350705783332e-01
-5.275303609138423111e-01
-4.676504359952096679e-01
-4.055374861943719655e-01
-3.414881000563737001e-01
-2.758081125851782889e-01
-2.088111448853436913e-01
-1.408171066252710268e-01
-7.215066847260137584e-02
-3.139711795908359943e-03
6.588623696467237056e-02
1.345975797819670416e-01
2.026662208682279420e-01
2.697671333282400941e-01
3.355799111587225991e-01
3.997902991828142238e-01
4.620916936146200471e-01
5.221866060883548766e-01
5.797880841615110636e-01
6.346210815091212210e-01
6.864237712664659208e-01
7.349487962489952286e-01
7.799644500797949798e-01
8.212557835845140097e-01
8.586256311710110944e-01
8.918955522924847390e-01
9.209066834988587358e-01
9.455204970077153437e-01
9.656194621726996719e-01
9.811076066908516191e-01
9.919109748691503636e-01
9.979779807619856280e-01
9.992796544934084979e-01
9.958097805879111419e-01
9.875849276492468798e-01
9.746443692455579733e-01
9.570498963785863955e-01
9.348855224324267299e-01
9.082570820106843357e-01
8.772917255776024881e-01
8.421373123161814966e-01
8.029617041025085555e-01
7.599519639673784077e-01
7.133134628727594295e-01
6.632688990680182251e-01
6.100572347086329339e-01
5.539325548149370837e-01
4.951628540193792616e-01
4.340287568955574771e-01
3.708221779794814710e-01
3.058449278813072381e-01
2.394072721436101836e-01
1.718264497272607716e-01
1.034251581995241087e-01
3.453001285720615904e-02
-3.453001285719856789e-02
-1.034251581995165453e-01
-1.718264497272533053e-01
-2.394072721436028006e-01
-3.058449278813000216e-01
-3.708221779794744211e-01
-4.340287568955506492e-01
-4.951628540193726558e-01
-5.539325548149307554e-01
-6.100572347086270497e-01
-6.632688990680124519e-01
-7.133134628727542115e-01
-7.599519639673735227e-01
-8.029617041025041146e-01
-8.421373123161774998e-01
-8.772917255775990464e-01
-9.082570820106812270e-01
-9.348855224324241764e-01
-9.570498963785862845e-01
-9.746443692455561969e-01
-9.875849276492468798e-01
-9.958097805879109199e-01
-9.992796544934084979e-01
-9.979779807619859611e-01
-9.919109748691504747e-01
-9.811076066908529514e-01
-9.656194621726980065e-01
-9.455204970077176752e-01
-9.209066834988588468e-01
-8.918955522924881807e-01
-8.586256311710112055e-01
-8.212557835845183396e-01
-7.799644500797954239e-01
-7.349487962490003357e-01
-6.864237712664662538e-01
-6.346210815091271051e-01
-5.797880841615113967e-01
-5.221866060883613159e-01
-4.620916936146204912e-01
-3.997902991828211072e-01
-3.355799111587229877e-01
-2.697671333282474215e-01
-2.026662208682284139e-01
-1.345975797819745634e-01
-6.588623696467287016e-02
3.139711795900770094e-03
7.215066847260089011e-02
1.408171066252635051e-01
2.088111448853432195e-01
2.758081125851709614e-01
3.414881000563733116e-01
4.055374861943649711e-01
4.676504359952092238e-01
5.275303609138358718e-01
5.848913350705778891e-01
6.394594605436090262e-01
6.909741752280407212e-01
7.391894970166331680e-01
7.838751983612824992e-01
8.248179056065613191e-01
8.618221178462818211e-01
8.947111404377715571e-01
9.233279287165891969e-01
9.475358378827790640e-01
9.672192754780565283e-01
9.822842533383254748e-01
9.926588363859676356e-01
9.982934861189181053e-01
9.991612971563909040e-01
9.952581257117222302e-01
9.866026093789012075e-01
9.732360781382993764e-01
9.552223570065351277e-01
9.326474612728338220e-01
9.056191857771129783e-01
8.742665901910074977e-01
8.387393827595467366e-01
7.992072054462371344e-01
7.558588238947870908e-01
7.089012260756204498e-01
6.585586339209036355e-01
6.050714326676938093e-01
5.486950230214873159e-01
4.896986016210984061e-01
4.283638756281285542e-01
3.649837175788855359e-01
2.998607669216772909e-01
2.333059849173954037e-01
1.656371698033429762e-01
9.717743931079723951e-02
2.825368778187758306e-02
-4.080497474674438935e-02
-1.096687940400899175e-01
-1.780089462371498288e-01
-2.454991079806442822e-01
-3.118170146068676152e-01
-3.766459989554332144e-01
-4.396765034508335335e-01
-5.006075582360314247e-01
-5.591482182996008188e-01
-6.150189527345251150e-01
-6.679529794946902355e-01
-7.176975392757669603e-01
-7.640151024376733435e-01
-8.066845032055883769e-01
-8.455019957336921133e-01
-8.802822269890321349e-01
-9.108591218098400777e-01
-9.370866759123720469e-01
-9.588396530594581746e-01
-9.760141830619755154e-01
-9.885282577576641749e-01
-9.963221225990616103e-01
-9.993585619807076048e-01
-9.976230769431850831e-01
-9.911239544054698536e-01
-9.798922275949923932e-01
-9.639815278643818486e-01
-9.434678286024223981e-01
-9.184490824621112104e-01
-8.890447536379663118e-01
-8.553952474260280159e-01
-8.176612397903502139e-01
-7.760229101373361527e-01
-7.306790809613205040e-01
-6.818462684697527143e-01
-6.297576487209868290e-01
-5.746619442116439602e-01
-5.168222362297987260e-01
-4.565147086452014391e-01
-3.940273291348091456e-01
-3.296584741407913577e-01
-2.637155041268080535e-01
-1.965132959357403786e-01
-1.283727392566962888e-01
-5.961920438093137181e-02
9.419011437264245348e-03
7.841225159567276337e-02
1.470310742503078971e-01
2.149478253959934415e-01
2.818382034100761491e-01
3.473828075885483369e-01
4.112686632803522757e-01
4.731907163373247904e-01
5.328532897439445248e-01
5.899714954712247383e-01
6.442725948135242797e-01
6.954973007123097517e-01
7.434010158486239472e-01
7.877550005921436505e-01
8.283474652300097940e-01
8.649845812600124306e-01
8.974914069192249100e-01
9.257127225286820860e-01
9.495137716654045157e-01
9.687809046225620557e-01
9.834221210854174888e-01
9.933675094316276599e-01
9.985695805583707507e-01
9.990034946421996187e-01
9.946671797488846334e-01
9.855813417268727283e-01
9.717893653371231233e-01
9.533571070914342860e-01
9.303725807884180021e-01
9.029455372487614762e-01
8.712069402564158738e-01
8.353083412082362713e-01
7.954211554579564414e-01
7.517358438100709694e-01
7.044610030719095084e-01
6.538223700065600719e-01
6.000617434426412933e-01
5.434358296880510419e-01
4.842150167605238642e-01
4.226820832883727563e-01
3.591308482460650597e-01
2.938647679724198936e-01
2.271954871703729950e-01
1.594413508075846475e-01
9.092588402316081897e-02
2.197624729934054624e-02
-4.707832572575652158e-02
-1.159081003444505931e-01
-1.841844152586490924e-01
-2.515812519332507047e-01
-3.177767913306148162e-01
-3.824549505922612558e-01
-4.453068923306069959e-01
-5.060324993234561752e-01
-5.643418075700216141e-01
-6.199563908652503397e-01
-6.726106902814509292e-01
-7.220532822088243652e-01
-7.680480788999369812e-01
-8.103754557857469898e-01
-8.488333001801501299e-01
-8.832379763654252258e-01
-9.134252024505076228e-01
-9.392508348149015696e-01
-9.605915563926258338e-01
-9.773454655096528443e-01
-9.894325624630955218e-01
-9.967951315187888461e-01
-9.993980165031556284e-01
-9.972287886735107243e-01
-9.902978060651446146e-01
-9.786381640318333464e-01
-9.623055372159426968e-01
-9.413779137027296073e-01
-9.159552226282247078e-01
-8.861588570188594360e-01
-8.521310941413478002e-01
-8.140344161304994275e-01
-7.720507341391488199e-01
-7.263805197146521175e-01
-6.772418475498573898e-01
-6.248693541791984218e-01
-5.695131175922036881e-01
-5.114374631142971639e-01
-4.509197012567571217e-01
-3.882488035625192291e-01
-3.237240227707730567e-01
-2.576534638888327566e-01
-1.903526129948064360e-01
-1.221428307954814801e-01
-5.334981813307827087e-02
1.569793923216990933e-02
8.467073913731489043e-02
1.532392373402984287e-01
2.210760201345466636e-01
2.878571677452949062e-01
3.532638010422944896e-01
4.169836041837115537e-01
4.787123159201917000e-01
5.381551824385593097e-01
5.950283648074348175e-01
6.490602943045623574e-01
6.999929691540237586e-01
7.475831864814107552e-01
7.916037036044383246e-01
8.318443231138928917e-01
8.681128965635619421e-01
9.002362419766785084e-01
9.280609707875663306e-01
9.514542202701524731e-01
9.703042879557735034e-01
9.845211650110574642e-01
9.940369660289329889e-01
9.988062531806078947e-01
